Index	OrgitemID	ItemFirstType	ItemSecondType	Sex	Series	KongFu	ItemID1	Rate1	ItemID2	Rate2	ItemID3	Rate3
1	18,1,1953,1	1	7	0	1	2	2,1,1031,10	7600	2,1,1102,10	2000	2,1,1173,10	400
2	18,1,1953,1	1	7	0	1	1	2,1,1055,10	7600	2,1,1126,10	2000	2,1,1197,10	400
3	18,1,1953,1	1	7	0	2	2	2,1,1036,10	7600	2,1,1107,10	2000	2,1,1178,10	400
4	18,1,1953,1	1	7	0	2	1	2,1,61,10	7600	2,1,241,10	2000	2,1,601,10	400
5	18,1,1953,1	1	7	0	3	2	2,1,1041,10	7600	2,1,1112,10	2000	2,1,1183,10	400
6	18,1,1953,1	1	7	0	3	1	2,1,91,10	7600	2,1,271,10	2000	2,1,631,10	400
7	18,1,1953,1	1	7	0	4	2	2,1,1045,10	7600	2,1,1116,10	2000	2,1,1187,10	400
8	18,1,1953,1	1	7	0	4	1	2,1,131,10	7600	2,1,311,10	2000	2,1,671,10	400
9	18,1,1953,1	1	7	0	5	2	2,1,1049,10	7600	2,1,1120,10	2000	2,1,1191,10	400
10	18,1,1953,1	1	7	0	5	1	2,1,1072,10	7600	2,1,1143,10	2000	2,1,1214,10	400
11	18,1,1953,1	1	1	0	1	2	2,1,1028,10	7600	2,1,1099,10	2000	2,1,1170,10	400
12	18,1,1953,1	1	1	0	1	1	2,1,1052,10	7600	2,1,1123,10	2000	2,1,1194,10	400
13	18,1,1953,1	1	1	0	2	2	2,1,1033,10	7600	2,1,1104,10	2000	2,1,1175,10	400
14	18,1,1953,1	1	1	0	2	1	2,1,921,10	7600	2,1,941,10	2000	2,1,981,10	400
15	18,1,1953,1	1	1	0	3	2	2,1,1038,10	7600	2,1,1109,10	2000	2,1,1180,10	400
16	18,1,1953,1	1	1	0	3	1	2,1,101,10	7600	2,1,281,10	2000	2,1,641,10	400
17	18,1,1953,1	1	1	0	4	2	2,1,1043,10	7600	2,1,1114,10	2000	2,1,1185,10	400
18	18,1,1953,1	1	1	0	4	1	2,1,1065,10	7600	2,1,1136,10	2000	2,1,1207,10	400
19	18,1,1953,1	1	1	0	5	2	2,1,161,10	7600	2,1,341,10	2000	2,1,701,10	400
20	18,1,1953,1	1	1	0	5	2	2,1,1476,10	7600	2,1,1486,10	2000	2,1,1506,10	400
21	18,1,1953,1	1	1	0	5	1	2,1,171,10	7600	2,1,351,10	2000	2,1,711,10	400
22	18,1,1953,1	1	1	0	5	1	2,1,181,10	7600	2,1,361,10	2000	2,1,721,10	400
23	18,1,1953,1	1	2	0	1	2	2,1,11,10	7600	2,1,191,10	2000	2,1,551,10	400
24	18,1,1953,1	1	2	0	1	1	2,1,1051,10	7600	2,1,1122,10	2000	2,1,1193,10	400
25	18,1,1953,1	1	2	0	2	2	2,1,51,10	7600	2,1,231,10	2000	2,1,591,10	400
26	18,1,1953,1	1	2	0	2	1	2,1,1057,10	7600	2,1,1128,10	2000	2,1,1199,10	400
27	18,1,1953,1	1	2	0	3	2	2,1,71,10	7600	2,1,251,10	2000	2,1,611,10	400
28	18,1,1953,1	1	2	0	3	1	2,1,1061,10	7600	2,1,1132,10	2000	2,1,1203,10	400
29	18,1,1953,1	1	2	0	4	2	2,1,1042,10	7600	2,1,1113,10	2000	2,1,1184,10	400
30	18,1,1953,1	1	2	0	4	1	2,1,141,10	7600	2,1,321,10	2000	2,1,681,10	400
31	18,1,1953,1	1	2	0	5	2	2,1,151,10	7600	2,1,331,10	2000	2,1,691,10	400
32	18,1,1953,1	1	2	0	5	1	2,1,1069,10	7600	2,1,1140,10	2000	2,1,1211,10	400
33	18,1,1953,1	1	5	0	1	2	2,1,21,10	7600	2,1,201,10	2000	2,1,561,10	400
34	18,1,1953,1	1	5	0	1	1	2,1,1050,10	7600	2,1,1121,10	2000	2,1,1192,10	400
35	18,1,1953,1	1	5	0	2	2	2,1,1032,10	7600	2,1,1103,10	2000	2,1,1174,10	400
36	18,1,1953,1	1	5	0	2	1	2,1,1056,10	7600	2,1,1127,10	2000	2,1,1198,10	400
37	18,1,1953,1	1	5	0	3	2	2,1,1037,10	7600	2,1,1108,10	2000	2,1,1179,10	400
38	18,1,1953,1	1	5	0	3	1	2,1,1060,10	7600	2,1,1131,10	2000	2,1,1202,10	400
39	18,1,1953,1	1	5	0	4	2	2,1,111,10	7600	2,1,291,10	2000	2,1,651,10	400
40	18,1,1953,1	1	5	0	4	1	2,1,1064,10	7600	2,1,1135,10	2000	2,1,1206,10	400
41	18,1,1953,1	1	5	0	5	2	2,1,1046,10	7600	2,1,1117,10	2000	2,1,1188,10	400
42	18,1,1953,1	1	5	0	5	1	2,1,1068,10	7600	2,1,1139,10	2000	2,1,1210,10	400
43	18,1,1953,1	1	3	0	1	2	2,1,1029,10	7600	2,1,1100,10	2000	2,1,1171,10	400
44	18,1,1953,1	1	3	0	1	1	2,1,1053,10	7600	2,1,1124,10	2000	2,1,1195,10	400
45	18,1,1953,1	1	3	0	2	2	2,1,1034,10	7600	2,1,1105,10	2000	2,1,1176,10	400
46	18,1,1953,1	1	3	0	2	1	2,1,1058,10	7600	2,1,1129,10	2000	2,1,1200,10	400
47	18,1,1953,1	1	3	0	3	2	2,1,1039,10	7600	2,1,1110,10	2000	2,1,1181,10	400
48	18,1,1953,1	1	3	0	3	1	2,1,1062,10	7600	2,1,1133,10	2000	2,1,1204,10	400
49	18,1,1953,1	1	3	0	4	2	2,1,121,10	7600	2,1,301,10	2000	2,1,661,10	400
50	18,1,1953,1	1	3	0	4	1	2,1,1066,10	7600	2,1,1137,10	2000	2,1,1208,10	400
51	18,1,1953,1	1	3	0	5	2	2,1,1047,10	7600	2,1,1118,10	2000	2,1,1189,10	400
52	18,1,1953,1	1	3	0	5	1	2,1,1070,10	7600	2,1,1141,10	2000	2,1,1212,10	400
53	18,1,1953,1	1	4	0	1	2	2,1,1030,10	7600	2,1,1101,10	2000	2,1,1172,10	400
54	18,1,1953,1	1	4	0	1	1	2,1,1054,10	7600	2,1,1125,10	2000	2,1,1196,10	400
55	18,1,1953,1	1	4	0	2	2	2,1,1035,10	7600	2,1,1106,10	2000	2,1,1177,10	400
56	18,1,1953,1	1	4	0	2	1	2,1,1059,10	7600	2,1,1130,10	2000	2,1,1201,10	400
57	18,1,1953,1	1	4	0	3	2	2,1,1040,10	7600	2,1,1111,10	2000	2,1,1182,10	400
58	18,1,1953,1	1	4	0	3	1	2,1,1063,10	7600	2,1,1134,10	2000	2,1,1205,10	400
59	18,1,1953,1	1	4	0	4	2	2,1,1044,10	7600	2,1,1115,10	2000	2,1,1186,10	400
60	18,1,1953,1	1	4	0	4	1	2,1,1067,10	7600	2,1,1138,10	2000	2,1,1209,10	400
61	18,1,1953,1	1	4	0	5	2	2,1,1048,10	7600	2,1,1119,10	2000	2,1,1190,10	400
62	18,1,1953,1	1	4	0	5	1	2,1,1071,10	7600	2,1,1142,10	2000	2,1,1213,10	400
63	18,1,1953,1	1	6	0	1	2	2,2,101,10	7600	2,2,103,10	2000	2,2,105,10	400
64	18,1,1953,1	1	6	0	2	2	2,2,10,10	7600	2,2,30,10	2000	2,2,70,10	400
65	18,1,1953,1	1	6	0	3	2	2,2,107,10	7600	2,2,109,10	2000	2,2,111,10	400
66	18,1,1953,1	1	6	0	4	2	2,2,113,10	7600	2,2,115,10	2000	2,2,117,10	400
67	18,1,1953,1	1	6	0	5	2	2,2,119,10	7600	2,2,121,10	2000	2,2,123,10	400
68	18,1,1953,1	1	8	0	1	2	2,2,102,10	7600	2,2,104,10	2000	2,2,106,10	400
69	18,1,1953,1	1	8	0	1	1	2,2,215,10	7600	2,2,216,10	2000	2,2,217,10	400
70	18,1,1953,1	1	8	0	2	2	2,2,20,10	7600	2,2,40,10	2000	2,2,80,10	400
71	18,1,1953,1	1	8	0	2	1	2,2,218,10	7600	2,2,219,10	2000	2,2,220,10	400
72	18,1,1953,1	1	8	0	3	2	2,2,108,10	7600	2,2,110,10	2000	2,2,112,10	400
73	18,1,1953,1	1	8	0	3	1	2,2,221,10	7600	2,2,222,10	2000	2,2,223,10	400
74	18,1,1953,1	1	8	0	4	2	2,2,114,10	7600	2,2,116,10	2000	2,2,118,10	400
75	18,1,1953,1	1	8	0	4	1	2,2,224,10	7600	2,2,225,10	2000	2,2,226,10	400
76	18,1,1953,1	1	8	0	5	2	2,2,120,10	7600	2,2,122,10	2000	2,2,124,10	400
77	18,1,1953,1	1	8	0	5	1	2,2,174,10	7600	2,2,184,10	2000	2,2,204,10	400
78	18,1,1954,1	1	7	0	1	2					2,1,1173,10	10000
79	18,1,1954,1	1	7	0	1	1					2,1,1197,10	10000
80	18,1,1954,1	1	7	0	2	2					2,1,1178,10	10000
81	18,1,1954,1	1	7	0	2	1					2,1,601,10	10000
82	18,1,1954,1	1	7	0	3	2					2,1,1183,10	10000
83	18,1,1954,1	1	7	0	3	1					2,1,631,10	10000
84	18,1,1954,1	1	7	0	4	2					2,1,1187,10	10000
85	18,1,1954,1	1	7	0	4	1					2,1,671,10	10000
86	18,1,1954,1	1	7	0	5	2					2,1,1191,10	10000
87	18,1,1954,1	1	7	0	5	1					2,1,1214,10	10000
88	18,1,1954,1	1	1	0	1	2					2,1,1170,10	10000
89	18,1,1954,1	1	1	0	1	1					2,1,1194,10	10000
90	18,1,1954,1	1	1	0	2	2					2,1,1175,10	10000
91	18,1,1954,1	1	1	0	2	1					2,1,981,10	10000
92	18,1,1954,1	1	1	0	3	2					2,1,1180,10	10000
93	18,1,1954,1	1	1	0	3	1					2,1,641,10	10000
94	18,1,1954,1	1	1	0	4	2					2,1,1185,10	10000
95	18,1,1954,1	1	1	0	4	1					2,1,1207,10	10000
96	18,1,1954,1	1	1	0	5	2					2,1,701,10	10000
97	18,1,1954,1	1	1	0	5	2					2,1,1506,10	10000
98	18,1,1954,1	1	1	0	5	1					2,1,711,10	10000
99	18,1,1954,1	1	1	0	5	1					2,1,721,10	10000
100	18,1,1954,1	1	2	0	1	2					2,1,551,10	10000
101	18,1,1954,1	1	2	0	1	1					2,1,1193,10	10000
102	18,1,1954,1	1	2	0	2	2					2,1,591,10	10000
103	18,1,1954,1	1	2	0	2	1					2,1,1199,10	10000
104	18,1,1954,1	1	2	0	3	2					2,1,611,10	10000
105	18,1,1954,1	1	2	0	3	1					2,1,1203,10	10000
106	18,1,1954,1	1	2	0	4	2					2,1,1184,10	10000
107	18,1,1954,1	1	2	0	4	1					2,1,681,10	10000
108	18,1,1954,1	1	2	0	5	2					2,1,691,10	10000
109	18,1,1954,1	1	2	0	5	1					2,1,1211,10	10000
110	18,1,1954,1	1	5	0	1	2					2,1,561,10	10000
111	18,1,1954,1	1	5	0	1	1					2,1,1192,10	10000
112	18,1,1954,1	1	5	0	2	2					2,1,1174,10	10000
113	18,1,1954,1	1	5	0	2	1					2,1,1198,10	10000
114	18,1,1954,1	1	5	0	3	2					2,1,1179,10	10000
115	18,1,1954,1	1	5	0	3	1					2,1,1202,10	10000
116	18,1,1954,1	1	5	0	4	2					2,1,651,10	10000
117	18,1,1954,1	1	5	0	4	1					2,1,1206,10	10000
118	18,1,1954,1	1	5	0	5	2					2,1,1188,10	10000
119	18,1,1954,1	1	5	0	5	1					2,1,1210,10	10000
120	18,1,1954,1	1	3	0	1	2					2,1,1171,10	10000
121	18,1,1954,1	1	3	0	1	1					2,1,1195,10	10000
122	18,1,1954,1	1	3	0	2	2					2,1,1176,10	10000
123	18,1,1954,1	1	3	0	2	1					2,1,1200,10	10000
124	18,1,1954,1	1	3	0	3	2					2,1,1181,10	10000
125	18,1,1954,1	1	3	0	3	1					2,1,1204,10	10000
126	18,1,1954,1	1	3	0	4	2					2,1,661,10	10000
127	18,1,1954,1	1	3	0	4	1					2,1,1208,10	10000
128	18,1,1954,1	1	3	0	5	2					2,1,1189,10	10000
129	18,1,1954,1	1	3	0	5	1					2,1,1212,10	10000
130	18,1,1954,1	1	4	0	1	2					2,1,1172,10	10000
131	18,1,1954,1	1	4	0	1	1					2,1,1196,10	10000
132	18,1,1954,1	1	4	0	2	2					2,1,1177,10	10000
133	18,1,1954,1	1	4	0	2	1					2,1,1201,10	10000
134	18,1,1954,1	1	4	0	3	2					2,1,1182,10	10000
135	18,1,1954,1	1	4	0	3	1					2,1,1205,10	10000
136	18,1,1954,1	1	4	0	4	2					2,1,1186,10	10000
137	18,1,1954,1	1	4	0	4	1					2,1,1209,10	10000
138	18,1,1954,1	1	4	0	5	2					2,1,1190,10	10000
139	18,1,1954,1	1	4	0	5	1					2,1,1213,10	10000
140	18,1,1954,1	1	6	0	1	2					2,2,105,10	10000
141	18,1,1954,1	1	6	0	2	2					2,2,70,10	10000
142	18,1,1954,1	1	6	0	3	2					2,2,111,10	10000
143	18,1,1954,1	1	6	0	4	2					2,2,117,10	10000
144	18,1,1954,1	1	6	0	5	2					2,2,123,10	10000
145	18,1,1954,1	1	8	0	1	2					2,2,106,10	10000
146	18,1,1954,1	1	8	0	1	1					2,2,217,10	10000
147	18,1,1954,1	1	8	0	2	2					2,2,80,10	10000
148	18,1,1954,1	1	8	0	2	1					2,2,220,10	10000
149	18,1,1954,1	1	8	0	3	2					2,2,112,10	10000
150	18,1,1954,1	1	8	0	3	1					2,2,223,10	10000
151	18,1,1954,1	1	8	0	4	2					2,2,118,10	10000
152	18,1,1954,1	1	8	0	4	1					2,2,226,10	10000
153	18,1,1954,1	1	8	0	5	2					2,2,124,10	10000
154	18,1,1954,1	1	8	0	5	1					2,2,204,10	10000
155	18,1,1980,1	1	1	0	1	1					7,1,2,10	10000
156	18,1,1980,1	1	1	0	1	2					7,1,2,10	10000
157	18,1,1980,1	1	1	0	2	1					7,1,2,10	10000
158	18,1,1980,1	1	1	0	2	2					7,1,2,10	10000
159	18,1,1980,1	1	1	0	3	1					7,1,2,10	10000
160	18,1,1980,1	1	1	0	3	2					7,1,2,10	10000
161	18,1,1980,1	1	1	0	4	1					7,1,2,10	10000
162	18,1,1980,1	1	1	0	4	2					7,1,2,10	10000
163	18,1,1980,1	1	1	0	5	1					7,1,2,10	10000
164	18,1,1980,1	1	1	0	5	2					7,1,2,10	10000
165	18,1,1980,1	1	2	0	1	1					7,1,3,10	10000
166	18,1,1980,1	1	2	0	1	2					7,1,3,10	10000
167	18,1,1980,1	1	2	0	2	1					7,1,3,10	10000
168	18,1,1980,1	1	2	0	2	2					7,1,3,10	10000
169	18,1,1980,1	1	2	0	3	1					7,1,3,10	10000
170	18,1,1980,1	1	2	0	3	2					7,1,3,10	10000
171	18,1,1980,1	1	2	0	4	1					7,1,3,10	10000
172	18,1,1980,1	1	2	0	4	2					7,1,3,10	10000
173	18,1,1980,1	1	2	0	5	1					7,1,3,10	10000
174	18,1,1980,1	1	2	0	5	2					7,1,3,10	10000
175	18,1,1980,1	1	3	0	1	1					7,1,5,10	10000
176	18,1,1980,1	1	3	0	1	2					7,1,5,10	10000
177	18,1,1980,1	1	3	0	2	1					7,1,5,10	10000
178	18,1,1980,1	1	3	0	2	2					7,1,5,10	10000
179	18,1,1980,1	1	3	0	3	1					7,1,5,10	10000
180	18,1,1980,1	1	3	0	3	2					7,1,5,10	10000
181	18,1,1980,1	1	3	0	4	1					7,1,5,10	10000
182	18,1,1980,1	1	3	0	4	2					7,1,5,10	10000
183	18,1,1980,1	1	3	0	5	1					7,1,5,10	10000
184	18,1,1980,1	1	3	0	5	2					7,1,5,10	10000
185	18,1,1980,1	1	4	0	1	1					7,1,6,10	10000
186	18,1,1980,1	1	4	0	1	2					7,1,6,10	10000
187	18,1,1980,1	1	4	0	2	1					7,1,6,10	10000
188	18,1,1980,1	1	4	0	2	2					7,1,6,10	10000
189	18,1,1980,1	1	4	0	3	1					7,1,6,10	10000
190	18,1,1980,1	1	4	0	3	2					7,1,6,10	10000
191	18,1,1980,1	1	4	0	4	1					7,1,6,10	10000
192	18,1,1980,1	1	4	0	4	2					7,1,6,10	10000
193	18,1,1980,1	1	4	0	5	1					7,1,6,10	10000
194	18,1,1980,1	1	4	0	5	2					7,1,6,10	10000
195	18,1,1980,1	1	5	0	1	1					7,1,4,10	10000
196	18,1,1980,1	1	5	0	1	2					7,1,4,10	10000
197	18,1,1980,1	1	5	0	2	1					7,1,4,10	10000
198	18,1,1980,1	1	5	0	2	2					7,1,4,10	10000
199	18,1,1980,1	1	5	0	3	1					7,1,4,10	10000
200	18,1,1980,1	1	5	0	3	2					7,1,4,10	10000
201	18,1,1980,1	1	5	0	4	1					7,1,4,10	10000
202	18,1,1980,1	1	5	0	4	2					7,1,4,10	10000
203	18,1,1980,1	1	5	0	5	1					7,1,4,10	10000
204	18,1,1980,1	1	5	0	5	2					7,1,4,10	10000
205	18,1,1980,1	1	6	0	1	1					7,2,7,10	10000
206	18,1,1980,1	1	6	0	1	2					7,2,7,10	10000
207	18,1,1980,1	1	6	0	2	1					7,2,7,10	10000
208	18,1,1980,1	1	6	0	2	2					7,2,7,10	10000
209	18,1,1980,1	1	6	0	3	1					7,2,7,10	10000
210	18,1,1980,1	1	6	0	3	2					7,2,7,10	10000
211	18,1,1980,1	1	6	0	4	1					7,2,7,10	10000
212	18,1,1980,1	1	6	0	4	2					7,2,7,10	10000
213	18,1,1980,1	1	6	0	5	1					7,2,7,10	10000
214	18,1,1980,1	1	6	0	5	2					7,2,7,10	10000
215	18,1,1980,1	1	7	0	1	1					7,1,1,10	10000
216	18,1,1980,1	1	7	0	1	2					7,1,1,10	10000
217	18,1,1980,1	1	7	0	2	1					7,1,1,10	10000
218	18,1,1980,1	1	7	0	2	2					7,1,1,10	10000
219	18,1,1980,1	1	7	0	3	1					7,1,1,10	10000
220	18,1,1980,1	1	7	0	3	2					7,1,1,10	10000
221	18,1,1980,1	1	7	0	4	1					7,1,1,10	10000
222	18,1,1980,1	1	7	0	4	2					7,1,1,10	10000
223	18,1,1980,1	1	7	0	5	1					7,1,1,10	10000
224	18,1,1980,1	1	7	0	5	2					7,1,1,10	10000
225	18,1,1980,1	1	8	0	1	1					7,2,8,10	10000
226	18,1,1980,1	1	8	0	1	2					7,2,8,10	10000
227	18,1,1980,1	1	8	0	2	1					7,2,8,10	10000
228	18,1,1980,1	1	8	0	2	2					7,2,8,10	10000
229	18,1,1980,1	1	8	0	3	1					7,2,8,10	10000
230	18,1,1980,1	1	8	0	3	2					7,2,8,10	10000
231	18,1,1980,1	1	8	0	4	1					7,2,8,10	10000
232	18,1,1980,1	1	8	0	4	2					7,2,8,10	10000
233	18,1,1980,1	1	8	0	5	1					7,2,8,10	10000
234	18,1,1980,1	1	8	0	5	2					7,2,8,10	10000
235	18,1,1981,1	1	1	0	1	1					7,1,2,10	10000
236	18,1,1981,1	1	1	0	1	2					7,1,2,10	10000
237	18,1,1981,1	1	1	0	2	1					7,1,2,10	10000
238	18,1,1981,1	1	1	0	2	2					7,1,2,10	10000
239	18,1,1981,1	1	1	0	3	1					7,1,2,10	10000
240	18,1,1981,1	1	1	0	3	2					7,1,2,10	10000
241	18,1,1981,1	1	1	0	4	1					7,1,2,10	10000
242	18,1,1981,1	1	1	0	4	2					7,1,2,10	10000
243	18,1,1981,1	1	1	0	5	1					7,1,2,10	10000
244	18,1,1981,1	1	1	0	5	2					7,1,2,10	10000
245	18,1,1981,1	1	2	0	1	1					7,1,3,10	10000
246	18,1,1981,1	1	2	0	1	2					7,1,3,10	10000
247	18,1,1981,1	1	2	0	2	1					7,1,3,10	10000
248	18,1,1981,1	1	2	0	2	2					7,1,3,10	10000
249	18,1,1981,1	1	2	0	3	1					7,1,3,10	10000
250	18,1,1981,1	1	2	0	3	2					7,1,3,10	10000
251	18,1,1981,1	1	2	0	4	1					7,1,3,10	10000
252	18,1,1981,1	1	2	0	4	2					7,1,3,10	10000
253	18,1,1981,1	1	2	0	5	1					7,1,3,10	10000
254	18,1,1981,1	1	2	0	5	2					7,1,3,10	10000
255	18,1,1981,1	1	3	0	1	1					7,1,5,10	10000
256	18,1,1981,1	1	3	0	1	2					7,1,5,10	10000
257	18,1,1981,1	1	3	0	2	1					7,1,5,10	10000
258	18,1,1981,1	1	3	0	2	2					7,1,5,10	10000
259	18,1,1981,1	1	3	0	3	1					7,1,5,10	10000
260	18,1,1981,1	1	3	0	3	2					7,1,5,10	10000
261	18,1,1981,1	1	3	0	4	1					7,1,5,10	10000
262	18,1,1981,1	1	3	0	4	2					7,1,5,10	10000
263	18,1,1981,1	1	3	0	5	1					7,1,5,10	10000
264	18,1,1981,1	1	3	0	5	2					7,1,5,10	10000
265	18,1,1981,1	1	4	0	1	1					7,1,6,10	10000
266	18,1,1981,1	1	4	0	1	2					7,1,6,10	10000
267	18,1,1981,1	1	4	0	2	1					7,1,6,10	10000
268	18,1,1981,1	1	4	0	2	2					7,1,6,10	10000
269	18,1,1981,1	1	4	0	3	1					7,1,6,10	10000
270	18,1,1981,1	1	4	0	3	2					7,1,6,10	10000
271	18,1,1981,1	1	4	0	4	1					7,1,6,10	10000
272	18,1,1981,1	1	4	0	4	2					7,1,6,10	10000
273	18,1,1981,1	1	4	0	5	1					7,1,6,10	10000
274	18,1,1981,1	1	4	0	5	2					7,1,6,10	10000
275	18,1,1981,1	1	5	0	1	1					7,1,4,10	10000
276	18,1,1981,1	1	5	0	1	2					7,1,4,10	10000
277	18,1,1981,1	1	5	0	2	1					7,1,4,10	10000
278	18,1,1981,1	1	5	0	2	2					7,1,4,10	10000
279	18,1,1981,1	1	5	0	3	1					7,1,4,10	10000
280	18,1,1981,1	1	5	0	3	2					7,1,4,10	10000
281	18,1,1981,1	1	5	0	4	1					7,1,4,10	10000
282	18,1,1981,1	1	5	0	4	2					7,1,4,10	10000
283	18,1,1981,1	1	5	0	5	1					7,1,4,10	10000
284	18,1,1981,1	1	5	0	5	2					7,1,4,10	10000
285	18,1,1981,1	1	6	0	1	1					7,2,7,10	10000
286	18,1,1981,1	1	6	0	1	2					7,2,7,10	10000
287	18,1,1981,1	1	6	0	2	1					7,2,7,10	10000
288	18,1,1981,1	1	6	0	2	2					7,2,7,10	10000
289	18,1,1981,1	1	6	0	3	1					7,2,7,10	10000
290	18,1,1981,1	1	6	0	3	2					7,2,7,10	10000
291	18,1,1981,1	1	6	0	4	1					7,2,7,10	10000
292	18,1,1981,1	1	6	0	4	2					7,2,7,10	10000
293	18,1,1981,1	1	6	0	5	1					7,2,7,10	10000
294	18,1,1981,1	1	6	0	5	2					7,2,7,10	10000
295	18,1,1981,1	1	7	0	1	1					7,1,1,10	10000
296	18,1,1981,1	1	7	0	1	2					7,1,1,10	10000
297	18,1,1981,1	1	7	0	2	1					7,1,1,10	10000
298	18,1,1981,1	1	7	0	2	2					7,1,1,10	10000
299	18,1,1981,1	1	7	0	3	1					7,1,1,10	10000
300	18,1,1981,1	1	7	0	3	2					7,1,1,10	10000
301	18,1,1981,1	1	7	0	4	1					7,1,1,10	10000
302	18,1,1981,1	1	7	0	4	2					7,1,1,10	10000
303	18,1,1981,1	1	7	0	5	1					7,1,1,10	10000
304	18,1,1981,1	1	7	0	5	2					7,1,1,10	10000
305	18,1,1981,1	1	8	0	1	1					7,2,8,10	10000
306	18,1,1981,1	1	8	0	1	2					7,2,8,10	10000
307	18,1,1981,1	1	8	0	2	1					7,2,8,10	10000
308	18,1,1981,1	1	8	0	2	2					7,2,8,10	10000
309	18,1,1981,1	1	8	0	3	1					7,2,8,10	10000
310	18,1,1981,1	1	8	0	3	2					7,2,8,10	10000
311	18,1,1981,1	1	8	0	4	1					7,2,8,10	10000
312	18,1,1981,1	1	8	0	4	2					7,2,8,10	10000
313	18,1,1981,1	1	8	0	5	1					7,2,8,10	10000
314	18,1,1981,1	1	8	0	5	2					7,2,8,10	10000
315	18,1,1980,2	1	1	0	1	1					7,1,2,10	10000
316	18,1,1980,2	1	1	0	1	2					7,1,2,10	10000
317	18,1,1980,2	1	1	0	2	1					7,1,2,10	10000
318	18,1,1980,2	1	1	0	2	2					7,1,2,10	10000
319	18,1,1980,2	1	1	0	3	1					7,1,2,10	10000
320	18,1,1980,2	1	1	0	3	2					7,1,2,10	10000
321	18,1,1980,2	1	1	0	4	1					7,1,2,10	10000
322	18,1,1980,2	1	1	0	4	2					7,1,2,10	10000
323	18,1,1980,2	1	1	0	5	1					7,1,2,10	10000
324	18,1,1980,2	1	1	0	5	2					7,1,2,10	10000
325	18,1,1980,2	1	2	0	1	1					7,1,3,10	10000
326	18,1,1980,2	1	2	0	1	2					7,1,3,10	10000
327	18,1,1980,2	1	2	0	2	1					7,1,3,10	10000
328	18,1,1980,2	1	2	0	2	2					7,1,3,10	10000
329	18,1,1980,2	1	2	0	3	1					7,1,3,10	10000
330	18,1,1980,2	1	2	0	3	2					7,1,3,10	10000
331	18,1,1980,2	1	2	0	4	1					7,1,3,10	10000
332	18,1,1980,2	1	2	0	4	2					7,1,3,10	10000
333	18,1,1980,2	1	2	0	5	1					7,1,3,10	10000
334	18,1,1980,2	1	2	0	5	2					7,1,3,10	10000
335	18,1,1980,2	1	3	0	1	1					7,1,5,10	10000
336	18,1,1980,2	1	3	0	1	2					7,1,5,10	10000
337	18,1,1980,2	1	3	0	2	1					7,1,5,10	10000
338	18,1,1980,2	1	3	0	2	2					7,1,5,10	10000
339	18,1,1980,2	1	3	0	3	1					7,1,5,10	10000
340	18,1,1980,2	1	3	0	3	2					7,1,5,10	10000
341	18,1,1980,2	1	3	0	4	1					7,1,5,10	10000
342	18,1,1980,2	1	3	0	4	2					7,1,5,10	10000
343	18,1,1980,2	1	3	0	5	1					7,1,5,10	10000
344	18,1,1980,2	1	3	0	5	2					7,1,5,10	10000
345	18,1,1980,2	1	4	0	1	1					7,1,6,10	10000
346	18,1,1980,2	1	4	0	1	2					7,1,6,10	10000
347	18,1,1980,2	1	4	0	2	1					7,1,6,10	10000
348	18,1,1980,2	1	4	0	2	2					7,1,6,10	10000
349	18,1,1980,2	1	4	0	3	1					7,1,6,10	10000
350	18,1,1980,2	1	4	0	3	2					7,1,6,10	10000
351	18,1,1980,2	1	4	0	4	1					7,1,6,10	10000
352	18,1,1980,2	1	4	0	4	2					7,1,6,10	10000
353	18,1,1980,2	1	4	0	5	1					7,1,6,10	10000
354	18,1,1980,2	1	4	0	5	2					7,1,6,10	10000
355	18,1,1980,2	1	5	0	1	1					7,1,4,10	10000
356	18,1,1980,2	1	5	0	1	2					7,1,4,10	10000
357	18,1,1980,2	1	5	0	2	1					7,1,4,10	10000
358	18,1,1980,2	1	5	0	2	2					7,1,4,10	10000
359	18,1,1980,2	1	5	0	3	1					7,1,4,10	10000
360	18,1,1980,2	1	5	0	3	2					7,1,4,10	10000
361	18,1,1980,2	1	5	0	4	1					7,1,4,10	10000
362	18,1,1980,2	1	5	0	4	2					7,1,4,10	10000
363	18,1,1980,2	1	5	0	5	1					7,1,4,10	10000
364	18,1,1980,2	1	5	0	5	2					7,1,4,10	10000
365	18,1,1980,2	1	6	0	1	1					7,2,7,10	10000
366	18,1,1980,2	1	6	0	1	2					7,2,7,10	10000
367	18,1,1980,2	1	6	0	2	1					7,2,7,10	10000
368	18,1,1980,2	1	6	0	2	2					7,2,7,10	10000
369	18,1,1980,2	1	6	0	3	1					7,2,7,10	10000
370	18,1,1980,2	1	6	0	3	2					7,2,7,10	10000
371	18,1,1980,2	1	6	0	4	1					7,2,7,10	10000
372	18,1,1980,2	1	6	0	4	2					7,2,7,10	10000
373	18,1,1980,2	1	6	0	5	1					7,2,7,10	10000
374	18,1,1980,2	1	6	0	5	2					7,2,7,10	10000
375	18,1,1980,2	1	7	0	1	1					7,1,1,10	10000
376	18,1,1980,2	1	7	0	1	2					7,1,1,10	10000
377	18,1,1980,2	1	7	0	2	1					7,1,1,10	10000
378	18,1,1980,2	1	7	0	2	2					7,1,1,10	10000
379	18,1,1980,2	1	7	0	3	1					7,1,1,10	10000
380	18,1,1980,2	1	7	0	3	2					7,1,1,10	10000
381	18,1,1980,2	1	7	0	4	1					7,1,1,10	10000
382	18,1,1980,2	1	7	0	4	2					7,1,1,10	10000
383	18,1,1980,2	1	7	0	5	1					7,1,1,10	10000
384	18,1,1980,2	1	7	0	5	2					7,1,1,10	10000
385	18,1,1980,2	1	8	0	1	1					7,2,8,10	10000
386	18,1,1980,2	1	8	0	1	2					7,2,8,10	10000
387	18,1,1980,2	1	8	0	2	1					7,2,8,10	10000
388	18,1,1980,2	1	8	0	2	2					7,2,8,10	10000
389	18,1,1980,2	1	8	0	3	1					7,2,8,10	10000
390	18,1,1980,2	1	8	0	3	2					7,2,8,10	10000
391	18,1,1980,2	1	8	0	4	1					7,2,8,10	10000
392	18,1,1980,2	1	8	0	4	2					7,2,8,10	10000
393	18,1,1980,2	1	8	0	5	1					7,2,8,10	10000
394	18,1,1980,2	1	8	0	5	2					7,2,8,10	10000
395	18,1,1981,2	1	1	0	1	1					7,1,2,10	10000
396	18,1,1981,2	1	1	0	1	2					7,1,2,10	10000
397	18,1,1981,2	1	1	0	2	1					7,1,2,10	10000
398	18,1,1981,2	1	1	0	2	2					7,1,2,10	10000
399	18,1,1981,2	1	1	0	3	1					7,1,2,10	10000
400	18,1,1981,2	1	1	0	3	2					7,1,2,10	10000
401	18,1,1981,2	1	1	0	4	1					7,1,2,10	10000
402	18,1,1981,2	1	1	0	4	2					7,1,2,10	10000
403	18,1,1981,2	1	1	0	5	1					7,1,2,10	10000
404	18,1,1981,2	1	1	0	5	2					7,1,2,10	10000
405	18,1,1981,2	1	2	0	1	1					7,1,3,10	10000
406	18,1,1981,2	1	2	0	1	2					7,1,3,10	10000
407	18,1,1981,2	1	2	0	2	1					7,1,3,10	10000
408	18,1,1981,2	1	2	0	2	2					7,1,3,10	10000
409	18,1,1981,2	1	2	0	3	1					7,1,3,10	10000
410	18,1,1981,2	1	2	0	3	2					7,1,3,10	10000
411	18,1,1981,2	1	2	0	4	1					7,1,3,10	10000
412	18,1,1981,2	1	2	0	4	2					7,1,3,10	10000
413	18,1,1981,2	1	2	0	5	1					7,1,3,10	10000
414	18,1,1981,2	1	2	0	5	2					7,1,3,10	10000
415	18,1,1981,2	1	3	0	1	1					7,1,5,10	10000
416	18,1,1981,2	1	3	0	1	2					7,1,5,10	10000
417	18,1,1981,2	1	3	0	2	1					7,1,5,10	10000
418	18,1,1981,2	1	3	0	2	2					7,1,5,10	10000
419	18,1,1981,2	1	3	0	3	1					7,1,5,10	10000
420	18,1,1981,2	1	3	0	3	2					7,1,5,10	10000
421	18,1,1981,2	1	3	0	4	1					7,1,5,10	10000
422	18,1,1981,2	1	3	0	4	2					7,1,5,10	10000
423	18,1,1981,2	1	3	0	5	1					7,1,5,10	10000
424	18,1,1981,2	1	3	0	5	2					7,1,5,10	10000
425	18,1,1981,2	1	4	0	1	1					7,1,6,10	10000
426	18,1,1981,2	1	4	0	1	2					7,1,6,10	10000
427	18,1,1981,2	1	4	0	2	1					7,1,6,10	10000
428	18,1,1981,2	1	4	0	2	2					7,1,6,10	10000
429	18,1,1981,2	1	4	0	3	1					7,1,6,10	10000
430	18,1,1981,2	1	4	0	3	2					7,1,6,10	10000
431	18,1,1981,2	1	4	0	4	1					7,1,6,10	10000
432	18,1,1981,2	1	4	0	4	2					7,1,6,10	10000
433	18,1,1981,2	1	4	0	5	1					7,1,6,10	10000
434	18,1,1981,2	1	4	0	5	2					7,1,6,10	10000
435	18,1,1981,2	1	5	0	1	1					7,1,4,10	10000
436	18,1,1981,2	1	5	0	1	2					7,1,4,10	10000
437	18,1,1981,2	1	5	0	2	1					7,1,4,10	10000
438	18,1,1981,2	1	5	0	2	2					7,1,4,10	10000
439	18,1,1981,2	1	5	0	3	1					7,1,4,10	10000
440	18,1,1981,2	1	5	0	3	2					7,1,4,10	10000
441	18,1,1981,2	1	5	0	4	1					7,1,4,10	10000
442	18,1,1981,2	1	5	0	4	2					7,1,4,10	10000
443	18,1,1981,2	1	5	0	5	1					7,1,4,10	10000
444	18,1,1981,2	1	5	0	5	2					7,1,4,10	10000
445	18,1,1981,2	1	6	0	1	1					7,2,7,10	10000
446	18,1,1981,2	1	6	0	1	2					7,2,7,10	10000
447	18,1,1981,2	1	6	0	2	1					7,2,7,10	10000
448	18,1,1981,2	1	6	0	2	2					7,2,7,10	10000
449	18,1,1981,2	1	6	0	3	1					7,2,7,10	10000
450	18,1,1981,2	1	6	0	3	2					7,2,7,10	10000
451	18,1,1981,2	1	6	0	4	1					7,2,7,10	10000
452	18,1,1981,2	1	6	0	4	2					7,2,7,10	10000
453	18,1,1981,2	1	6	0	5	1					7,2,7,10	10000
454	18,1,1981,2	1	6	0	5	2					7,2,7,10	10000
455	18,1,1981,2	1	7	0	1	1					7,1,1,10	10000
456	18,1,1981,2	1	7	0	1	2					7,1,1,10	10000
457	18,1,1981,2	1	7	0	2	1					7,1,1,10	10000
458	18,1,1981,2	1	7	0	2	2					7,1,1,10	10000
459	18,1,1981,2	1	7	0	3	1					7,1,1,10	10000
460	18,1,1981,2	1	7	0	3	2					7,1,1,10	10000
461	18,1,1981,2	1	7	0	4	1					7,1,1,10	10000
462	18,1,1981,2	1	7	0	4	2					7,1,1,10	10000
463	18,1,1981,2	1	7	0	5	1					7,1,1,10	10000
464	18,1,1981,2	1	7	0	5	2					7,1,1,10	10000
465	18,1,1981,2	1	8	0	1	1					7,2,8,10	10000
466	18,1,1981,2	1	8	0	1	2					7,2,8,10	10000
467	18,1,1981,2	1	8	0	2	1					7,2,8,10	10000
468	18,1,1981,2	1	8	0	2	2					7,2,8,10	10000
469	18,1,1981,2	1	8	0	3	1					7,2,8,10	10000
470	18,1,1981,2	1	8	0	3	2					7,2,8,10	10000
471	18,1,1981,2	1	8	0	4	1					7,2,8,10	10000
472	18,1,1981,2	1	8	0	4	2					7,2,8,10	10000
473	18,1,1981,2	1	8	0	5	1					7,2,8,10	10000
474	18,1,1981,2	1	8	0	5	2					7,2,8,10	10000
475	18,1,2149,1	6	1	0	3	1					2,1,92,1	10000
476	18,1,2149,1	6	1	0	5	2					2,1,152,1	10000
477	18,1,2149,1	6	1	0	5	1					2,1,162,1	10000
478	18,1,2149,1	6	2	0	1	2					2,1,2,1	10000
479	18,1,2149,1	6	2	0	2	2					2,1,42,1	10000
480	18,1,2149,1	6	2	0	3	2					2,1,62,1	10000
481	18,1,2149,1	6	2	0	4	1					2,1,132,1	10000
482	18,1,2149,1	6	2	0	5	2					2,1,142,1	10000
483	18,1,2149,1	6	3	0	1	2					2,1,22,1	10000
484	18,1,2149,1	6	3	0	4	2					2,1,112,1	10000
485	18,1,2149,1	6	4	0	1	2					2,1,32,1	10000
486	18,1,2149,1	6	4	0	2	2					2,1,902,1	10000
487	18,1,2149,1	6	5	0	1	2					2,1,12,1	10000
488	18,1,2149,1	6	5	0	4	2					2,1,102,1	10000
489	18,1,2149,1	6	6	0	2	2					2,2,1,1	10000
490	18,1,2149,1	6	7	0	2	1					2,1,52,1	10000
491	18,1,2149,1	6	7	0	3	2					2,1,72,1	10000
492	18,1,2149,1	6	7	0	3	1					2,1,82,1	10000
493	18,1,2149,1	6	7	0	4	1					2,1,122,1	10000
494	18,1,2149,1	6	8	0	2	2					2,2,11,1	10000
495	18,1,2149,2	6	1	0	3	1					2,1,93,2	10000
496	18,1,2149,2	6	1	0	5	2					2,1,153,2	10000
497	18,1,2149,2	6	1	0	5	1					2,1,163,2	10000
498	18,1,2149,2	6	2	0	1	2					2,1,3,2	10000
499	18,1,2149,2	6	2	0	2	2					2,1,43,2	10000
500	18,1,2149,2	6	2	0	3	2					2,1,63,2	10000
501	18,1,2149,2	6	2	0	4	1					2,1,133,2	10000
502	18,1,2149,2	6	2	0	5	2					2,1,143,2	10000
503	18,1,2149,2	6	3	0	1	2					2,1,23,2	10000
504	18,1,2149,2	6	3	0	4	2					2,1,113,2	10000
505	18,1,2149,2	6	4	0	1	2					2,1,33,2	10000
506	18,1,2149,2	6	4	0	2	2					2,1,903,2	10000
507	18,1,2149,2	6	5	0	1	2					2,1,13,2	10000
508	18,1,2149,2	6	5	0	4	2					2,1,103,2	10000
509	18,1,2149,2	6	6	0	2	2					2,2,2,2	10000
510	18,1,2149,2	6	7	0	2	1					2,1,53,2	10000
511	18,1,2149,2	6	7	0	3	2					2,1,73,2	10000
512	18,1,2149,2	6	7	0	3	1					2,1,83,2	10000
513	18,1,2149,2	6	7	0	4	1					2,1,123,2	10000
514	18,1,2149,2	6	8	0	2	2					2,2,12,2	10000
515	18,1,2149,3	6	1	0	3	1					2,1,94,3	10000
516	18,1,2149,3	6	1	0	5	2					2,1,154,3	10000
517	18,1,2149,3	6	1	0	5	1					2,1,164,3	10000
518	18,1,2149,3	6	2	0	1	2					2,1,4,3	10000
519	18,1,2149,3	6	2	0	2	2					2,1,44,3	10000
520	18,1,2149,3	6	2	0	3	2					2,1,64,3	10000
521	18,1,2149,3	6	2	0	4	1					2,1,134,3	10000
522	18,1,2149,3	6	2	0	5	2					2,1,144,3	10000
523	18,1,2149,3	6	3	0	1	2					2,1,24,3	10000
524	18,1,2149,3	6	3	0	4	2					2,1,114,3	10000
525	18,1,2149,3	6	4	0	1	2					2,1,34,3	10000
526	18,1,2149,3	6	4	0	2	2					2,1,904,3	10000
527	18,1,2149,3	6	5	0	1	2					2,1,14,3	10000
528	18,1,2149,3	6	5	0	4	2					2,1,104,3	10000
529	18,1,2149,3	6	6	0	2	2					2,2,3,3	10000
530	18,1,2149,3	6	7	0	2	1					2,1,54,3	10000
531	18,1,2149,3	6	7	0	3	2					2,1,74,3	10000
532	18,1,2149,3	6	7	0	3	1					2,1,84,3	10000
533	18,1,2149,3	6	7	0	4	1					2,1,124,3	10000
534	18,1,2149,3	6	8	0	2	2					2,2,13,3	10000
535	18,1,2149,4	6	1	0	3	1					2,1,95,4	10000
536	18,1,2149,4	6	1	0	5	2					2,1,155,4	10000
537	18,1,2149,4	6	1	0	5	1					2,1,165,4	10000
538	18,1,2149,4	6	2	0	1	2					2,1,5,4	10000
539	18,1,2149,4	6	2	0	2	2					2,1,45,4	10000
540	18,1,2149,4	6	2	0	3	2					2,1,65,4	10000
541	18,1,2149,4	6	2	0	4	1					2,1,135,4	10000
542	18,1,2149,4	6	2	0	5	2					2,1,145,4	10000
543	18,1,2149,4	6	3	0	1	2					2,1,25,4	10000
544	18,1,2149,4	6	3	0	4	2					2,1,115,4	10000
545	18,1,2149,4	6	4	0	1	2					2,1,35,4	10000
546	18,1,2149,4	6	4	0	2	2					2,1,905,4	10000
547	18,1,2149,4	6	5	0	1	2					2,1,15,4	10000
548	18,1,2149,4	6	5	0	4	2					2,1,105,4	10000
549	18,1,2149,4	6	6	0	2	2					2,2,4,4	10000
550	18,1,2149,4	6	7	0	2	1					2,1,55,4	10000
551	18,1,2149,4	6	7	0	3	2					2,1,75,4	10000
552	18,1,2149,4	6	7	0	3	1					2,1,85,4	10000
553	18,1,2149,4	6	7	0	4	1					2,1,125,4	10000
554	18,1,2149,4	6	8	0	2	2					2,2,14,4	10000
555	18,1,2149,5	6	1	0	3	1					2,1,96,5	10000
556	18,1,2149,5	6	1	0	5	2					2,1,156,5	10000
557	18,1,2149,5	6	1	0	5	1					2,1,166,5	10000
558	18,1,2149,5	6	2	0	1	2					2,1,6,5	10000
559	18,1,2149,5	6	2	0	2	2					2,1,46,5	10000
560	18,1,2149,5	6	2	0	3	2					2,1,66,5	10000
561	18,1,2149,5	6	2	0	4	1					2,1,136,5	10000
562	18,1,2149,5	6	2	0	5	2					2,1,146,5	10000
563	18,1,2149,5	6	3	0	1	2					2,1,26,5	10000
564	18,1,2149,5	6	3	0	4	2					2,1,116,5	10000
565	18,1,2149,5	6	4	0	1	2					2,1,36,5	10000
566	18,1,2149,5	6	4	0	2	2					2,1,906,5	10000
567	18,1,2149,5	6	5	0	1	2					2,1,16,5	10000
568	18,1,2149,5	6	5	0	4	2					2,1,106,5	10000
569	18,1,2149,5	6	6	0	2	2					2,2,5,5	10000
570	18,1,2149,5	6	7	0	2	1					2,1,56,5	10000
571	18,1,2149,5	6	7	0	3	2					2,1,76,5	10000
572	18,1,2149,5	6	7	0	3	1					2,1,86,5	10000
573	18,1,2149,5	6	7	0	4	1					2,1,126,5	10000
574	18,1,2149,5	6	8	0	2	2					2,2,15,5	10000
575	18,1,2150,1	2	1	1	1	0					2,9,1,1	10000
576	18,1,2150,1	2	1	1	3	0					2,9,81,1	10000
577	18,1,2150,1	2	1	1	4	0					2,9,121,1	10000
578	18,1,2150,1	2	1	1	5	0					2,9,161,1	10000
579	18,1,2150,1	2	1	2	1	0					2,9,11,1	10000
580	18,1,2150,1	2	1	2	3	0					2,9,91,1	10000
581	18,1,2150,1	2	1	2	4	0					2,9,131,1	10000
582	18,1,2150,1	2	1	2	5	0					2,9,171,1	10000
583	18,1,2150,1	2	2	1	1	0					2,3,3,1	10000
584	18,1,2150,1	2	2	1	3	0					2,3,83,1	10000
585	18,1,2150,1	2	2	1	4	0					2,3,123,1	10000
586	18,1,2150,1	2	2	1	5	0					2,3,163,1	10000
587	18,1,2150,1	2	2	2	1	0					2,3,13,1	10000
588	18,1,2150,1	2	2	2	3	0					2,3,93,1	10000
589	18,1,2150,1	2	2	2	4	0					2,3,133,1	10000
590	18,1,2150,1	2	2	2	5	0					2,3,173,1	10000
591	18,1,2150,1	2	3	1	1	0					2,10,3,1	10000
592	18,1,2150,1	2	3	1	2	0					2,10,23,1	10000
593	18,1,2150,1	2	3	1	3	0					2,10,43,1	10000
594	18,1,2150,1	2	3	1	4	0					2,10,63,1	10000
595	18,1,2150,1	2	3	1	5	0					2,10,83,1	10000
596	18,1,2150,1	2	3	2	1	0					2,10,13,1	10000
597	18,1,2150,1	2	3	2	2	0					2,10,33,1	10000
598	18,1,2150,1	2	3	2	3	0					2,10,53,1	10000
599	18,1,2150,1	2	3	2	4	0					2,10,73,1	10000
600	18,1,2150,1	2	3	2	5	0					2,10,93,1	10000
601	18,1,2150,2	2	1	1	1	0					2,9,2,2	10000
602	18,1,2150,2	2	1	1	3	0					2,9,82,2	10000
603	18,1,2150,2	2	1	1	4	0					2,9,122,2	10000
604	18,1,2150,2	2	1	1	5	0					2,9,162,2	10000
605	18,1,2150,2	2	1	2	1	0					2,9,12,2	10000
606	18,1,2150,2	2	1	2	3	0					2,9,92,2	10000
607	18,1,2150,2	2	1	2	4	0					2,9,132,2	10000
608	18,1,2150,2	2	1	2	5	0					2,9,172,2	10000
609	18,1,2150,2	2	2	1	1	0					2,3,4,2	10000
610	18,1,2150,2	2	2	1	3	0					2,3,84,2	10000
611	18,1,2150,2	2	2	1	4	0					2,3,84,2	10000
612	18,1,2150,2	2	2	1	5	0					2,3,124,2	10000
613	18,1,2150,2	2	2	2	1	0					2,3,14,2	10000
614	18,1,2150,2	2	2	2	3	0					2,3,94,2	10000
615	18,1,2150,2	2	2	2	4	0					2,3,134,2	10000
616	18,1,2150,2	2	2	2	5	0					2,3,174,2	10000
617	18,1,2150,2	2	3	1	1	0					2,10,4,2	10000
618	18,1,2150,2	2	3	1	2	0					2,10,24,2	10000
619	18,1,2150,2	2	3	1	3	0					2,10,44,2	10000
620	18,1,2150,2	2	3	1	4	0					2,10,64,2	10000
621	18,1,2150,2	2	3	1	5	0					2,10,84,2	10000
622	18,1,2150,2	2	3	2	1	0					2,10,14,2	10000
623	18,1,2150,2	2	3	2	2	0					2,10,34,2	10000
624	18,1,2150,2	2	3	2	3	0					2,10,54,2	10000
625	18,1,2150,2	2	3	2	4	0					2,10,74,2	10000
626	18,1,2150,2	2	3	2	5	0					2,10,94,2	10000
627	18,1,2150,3	2	1	1	1	0					2,9,3,3	10000
628	18,1,2150,3	2	1	1	3	0					2,9,83,3	10000
629	18,1,2150,3	2	1	1	4	0					2,9,123,3	10000
630	18,1,2150,3	2	1	1	5	0					2,9,163,3	10000
631	18,1,2150,3	2	1	2	1	0					2,9,13,3	10000
632	18,1,2150,3	2	1	2	3	0					2,9,93,3	10000
633	18,1,2150,3	2	1	2	4	0					2,9,133,3	10000
634	18,1,2150,3	2	1	2	5	0					2,9,173,3	10000
635	18,1,2150,3	2	2	1	1	0					2,3,5,3	10000
636	18,1,2150,3	2	2	1	3	0					2,3,85,3	10000
637	18,1,2150,3	2	2	1	4	0					2,3,85,3	10000
638	18,1,2150,3	2	2	1	5	0					2,3,125,3	10000
639	18,1,2150,3	2	2	2	1	0					2,3,15,3	10000
640	18,1,2150,3	2	2	2	3	0					2,3,95,3	10000
641	18,1,2150,3	2	2	2	4	0					2,3,135,3	10000
642	18,1,2150,3	2	2	2	5	0					2,3,175,3	10000
643	18,1,2150,3	2	3	1	1	0					2,10,5,3	10000
644	18,1,2150,3	2	3	1	2	0					2,10,25,3	10000
645	18,1,2150,3	2	3	1	3	0					2,10,45,3	10000
646	18,1,2150,3	2	3	1	4	0					2,10,65,3	10000
647	18,1,2150,3	2	3	1	5	0					2,10,85,3	10000
648	18,1,2150,3	2	3	2	1	0					2,10,15,3	10000
649	18,1,2150,3	2	3	2	2	0					2,10,35,3	10000
650	18,1,2150,3	2	3	2	3	0					2,10,55,3	10000
651	18,1,2150,3	2	3	2	4	0					2,10,75,3	10000
652	18,1,2150,3	2	3	2	5	0					2,10,95,3	10000
653	18,1,2150,4	2	1	1	1	0					2,9,4,4	10000
654	18,1,2150,4	2	1	1	3	0					2,9,84,4	10000
655	18,1,2150,4	2	1	1	4	0					2,9,124,4	10000
656	18,1,2150,4	2	1	1	5	0					2,9,164,4	10000
657	18,1,2150,4	2	1	2	1	0					2,9,14,4	10000
658	18,1,2150,4	2	1	2	3	0					2,9,94,4	10000
659	18,1,2150,4	2	1	2	4	0					2,9,134,4	10000
660	18,1,2150,4	2	1	2	5	0					2,9,174,4	10000
661	18,1,2150,4	2	2	1	1	0					2,3,6,4	10000
662	18,1,2150,4	2	2	1	3	0					2,3,86,4	10000
663	18,1,2150,4	2	2	1	4	0					2,3,86,4	10000
664	18,1,2150,4	2	2	1	5	0					2,3,126,4	10000
665	18,1,2150,4	2	2	2	1	0					2,3,16,4	10000
666	18,1,2150,4	2	2	2	3	0					2,3,96,4	10000
667	18,1,2150,4	2	2	2	4	0					2,3,136,4	10000
668	18,1,2150,4	2	2	2	5	0					2,3,176,4	10000
669	18,1,2150,4	2	3	1	1	0					2,10,6,4	10000
670	18,1,2150,4	2	3	1	2	0					2,10,26,4	10000
671	18,1,2150,4	2	3	1	3	0					2,10,46,4	10000
672	18,1,2150,4	2	3	1	4	0					2,10,66,4	10000
673	18,1,2150,4	2	3	1	5	0					2,10,86,4	10000
674	18,1,2150,4	2	3	2	1	0					2,10,16,4	10000
675	18,1,2150,4	2	3	2	2	0					2,10,36,4	10000
676	18,1,2150,4	2	3	2	3	0					2,10,56,4	10000
677	18,1,2150,4	2	3	2	4	0					2,10,76,4	10000
678	18,1,2150,4	2	3	2	5	0					2,10,96,4	10000
679	18,1,2150,5	2	1	1	1	0					2,9,5,5	10000
680	18,1,2150,5	2	1	1	3	0					2,9,85,5	10000
681	18,1,2150,5	2	1	1	4	0					2,9,125,5	10000
682	18,1,2150,5	2	1	1	5	0					2,9,165,5	10000
683	18,1,2150,5	2	1	2	1	0					2,9,15,5	10000
684	18,1,2150,5	2	1	2	3	0					2,9,95,5	10000
685	18,1,2150,5	2	1	2	4	0					2,9,135,5	10000
686	18,1,2150,5	2	1	2	5	0					2,9,175,5	10000
687	18,1,2150,5	2	2	1	1	0					2,3,7,5	10000
688	18,1,2150,5	2	2	1	3	0					2,3,87,5	10000
689	18,1,2150,5	2	2	1	4	0					2,3,87,5	10000
690	18,1,2150,5	2	2	1	5	0					2,3,127,5	10000
691	18,1,2150,5	2	2	2	1	0					2,3,17,5	10000
692	18,1,2150,5	2	2	2	3	0					2,3,97,5	10000
693	18,1,2150,5	2	2	2	4	0					2,3,137,5	10000
694	18,1,2150,5	2	2	2	5	0					2,3,177,5	10000
695	18,1,2150,5	2	3	1	1	0					2,10,7,5	10000
696	18,1,2150,5	2	3	1	2	0					2,10,27,5	10000
697	18,1,2150,5	2	3	1	3	0					2,10,47,5	10000
698	18,1,2150,5	2	3	1	4	0					2,10,67,5	10000
699	18,1,2150,5	2	3	1	5	0					2,10,87,5	10000
700	18,1,2150,5	2	3	2	1	0					2,10,17,5	10000
701	18,1,2150,5	2	3	2	2	0					2,10,37,5	10000
702	18,1,2150,5	2	3	2	3	0					2,10,57,5	10000
703	18,1,2150,5	2	3	2	4	0					2,10,77,5	10000
704	18,1,2150,5	2	3	2	5	0					2,10,97,5	10000
705	18,1,2151,1	3	1	1	1	0					2,9,21,1	10000
706	18,1,2151,1	3	1	1	2	0					2,9,41,1	10000
707	18,1,2151,1	3	1	1	4	0					2,9,141,1	10000
708	18,1,2151,1	3	1	2	1	0					2,9,31,1	10000
709	18,1,2151,1	3	1	2	2	0					2,9,51,1	10000
710	18,1,2151,1	3	1	2	4	0					2,9,151,1	10000
711	18,1,2151,1	3	2	1	1	0					2,3,23,1	10000
712	18,1,2151,1	3	2	1	2	0					2,3,43,1	10000
713	18,1,2151,1	3	2	1	4	0					2,3,143,1	10000
714	18,1,2151,1	3	2	2	1	0					2,3,33,1	10000
715	18,1,2151,1	3	2	2	2	0					2,3,53,1	10000
716	18,1,2151,1	3	2	2	4	0					2,3,153,1	10000
717	18,1,2151,1	3	3	1	1	0					2,7,3,1	10000
718	18,1,2151,1	3	3	1	2	0					2,7,23,1	10000
719	18,1,2151,1	3	3	1	3	0					2,7,43,1	10000
720	18,1,2151,1	3	3	1	4	0					2,7,63,1	10000
721	18,1,2151,1	3	3	1	5	0					2,7,83,1	10000
722	18,1,2151,1	3	3	2	1	0					2,7,13,1	10000
723	18,1,2151,1	3	3	2	2	0					2,7,33,1	10000
724	18,1,2151,1	3	3	2	3	0					2,7,53,1	10000
725	18,1,2151,1	3	3	2	4	0					2,7,73,1	10000
726	18,1,2151,1	3	3	2	5	0					2,7,93,1	10000
727	18,1,2151,2	3	1	1	1	0					2,9,22,2	10000
728	18,1,2151,2	3	1	1	2	0					2,9,42,2	10000
729	18,1,2151,2	3	1	1	4	0					2,9,142,2	10000
730	18,1,2151,2	3	1	2	1	0					2,9,32,2	10000
731	18,1,2151,2	3	1	2	2	0					2,9,52,2	10000
732	18,1,2151,2	3	1	2	4	0					2,9,152,2	10000
733	18,1,2151,2	3	2	1	1	0					2,3,24,2	10000
734	18,1,2151,2	3	2	1	2	0					2,3,44,2	10000
735	18,1,2151,2	3	2	1	4	0					2,3,144,2	10000
736	18,1,2151,2	3	2	2	1	0					2,3,34,2	10000
737	18,1,2151,2	3	2	2	2	0					2,3,54,2	10000
738	18,1,2151,2	3	2	2	4	0					2,3,154,2	10000
739	18,1,2151,2	3	3	1	1	0					2,7,4,2	10000
740	18,1,2151,2	3	3	1	2	0					2,7,24,2	10000
741	18,1,2151,2	3	3	1	3	0					2,7,44,2	10000
742	18,1,2151,2	3	3	1	4	0					2,7,64,2	10000
743	18,1,2151,2	3	3	1	5	0					2,7,84,2	10000
744	18,1,2151,2	3	3	2	1	0					2,7,14,2	10000
745	18,1,2151,2	3	3	2	2	0					2,7,34,2	10000
746	18,1,2151,2	3	3	2	3	0					2,7,54,2	10000
747	18,1,2151,2	3	3	2	4	0					2,7,74,2	10000
748	18,1,2151,2	3	3	2	5	0					2,7,94,2	10000
749	18,1,2151,3	3	1	1	1	0					2,9,23,3	10000
750	18,1,2151,3	3	1	1	2	0					2,9,43,3	10000
751	18,1,2151,3	3	1	1	4	0					2,9,143,3	10000
752	18,1,2151,3	3	1	2	1	0					2,9,33,3	10000
753	18,1,2151,3	3	1	2	2	0					2,9,53,3	10000
754	18,1,2151,3	3	1	2	4	0					2,9,153,3	10000
755	18,1,2151,3	3	2	1	1	0					2,3,25,3	10000
756	18,1,2151,3	3	2	1	2	0					2,3,45,3	10000
757	18,1,2151,3	3	2	1	4	0					2,3,145,3	10000
758	18,1,2151,3	3	2	2	1	0					2,3,35,3	10000
759	18,1,2151,3	3	2	2	2	0					2,3,55,3	10000
760	18,1,2151,3	3	2	2	4	0					2,3,155,3	10000
761	18,1,2151,3	3	3	1	1	0					2,7,5,3	10000
762	18,1,2151,3	3	3	1	2	0					2,7,25,3	10000
763	18,1,2151,3	3	3	1	3	0					2,7,45,3	10000
764	18,1,2151,3	3	3	1	4	0					2,7,65,3	10000
765	18,1,2151,3	3	3	1	5	0					2,7,85,3	10000
766	18,1,2151,3	3	3	2	1	0					2,7,15,3	10000
767	18,1,2151,3	3	3	2	2	0					2,7,35,3	10000
768	18,1,2151,3	3	3	2	3	0					2,7,55,3	10000
769	18,1,2151,3	3	3	2	4	0					2,7,75,3	10000
770	18,1,2151,3	3	3	2	5	0					2,7,95,3	10000
771	18,1,2151,4	3	1	1	1	0					2,9,24,4	10000
772	18,1,2151,4	3	1	1	2	0					2,9,44,4	10000
773	18,1,2151,4	3	1	1	4	0					2,9,144,4	10000
774	18,1,2151,4	3	1	2	1	0					2,9,34,4	10000
775	18,1,2151,4	3	1	2	2	0					2,9,54,4	10000
776	18,1,2151,4	3	1	2	4	0					2,9,154,4	10000
777	18,1,2151,4	3	2	1	1	0					2,3,26,4	10000
778	18,1,2151,4	3	2	1	2	0					2,3,46,4	10000
779	18,1,2151,4	3	2	1	4	0					2,3,146,4	10000
780	18,1,2151,4	3	2	2	1	0					2,3,36,4	10000
781	18,1,2151,4	3	2	2	2	0					2,3,56,4	10000
782	18,1,2151,4	3	2	2	4	0					2,3,156,4	10000
783	18,1,2151,4	3	3	1	1	0					2,7,6,4	10000
784	18,1,2151,4	3	3	1	2	0					2,7,26,4	10000
785	18,1,2151,4	3	3	1	3	0					2,7,46,4	10000
786	18,1,2151,4	3	3	1	4	0					2,7,66,4	10000
787	18,1,2151,4	3	3	1	5	0					2,7,86,4	10000
788	18,1,2151,4	3	3	2	1	0					2,7,16,4	10000
789	18,1,2151,4	3	3	2	2	0					2,7,36,4	10000
790	18,1,2151,4	3	3	2	3	0					2,7,56,4	10000
791	18,1,2151,4	3	3	2	4	0					2,7,76,4	10000
792	18,1,2151,4	3	3	2	5	0					2,7,96,4	10000
793	18,1,2151,5	3	1	1	1	0					2,9,25,5	10000
794	18,1,2151,5	3	1	1	2	0					2,9,45,5	10000
795	18,1,2151,5	3	1	1	4	0					2,9,145,5	10000
796	18,1,2151,5	3	1	2	1	0					2,9,35,5	10000
797	18,1,2151,5	3	1	2	2	0					2,9,55,5	10000
798	18,1,2151,5	3	1	2	4	0					2,9,155,5	10000
799	18,1,2151,5	3	2	1	1	0					2,3,27,5	10000
800	18,1,2151,5	3	2	1	2	0					2,3,47,5	10000
801	18,1,2151,5	3	2	1	4	0					2,3,147,5	10000
802	18,1,2151,5	3	2	2	1	0					2,3,37,5	10000
803	18,1,2151,5	3	2	2	2	0					2,3,57,5	10000
804	18,1,2151,5	3	2	2	4	0					2,3,157,5	10000
805	18,1,2151,5	3	3	1	1	0					2,7,7,5	10000
806	18,1,2151,5	3	3	1	2	0					2,7,27,5	10000
807	18,1,2151,5	3	3	1	3	0					2,7,47,5	10000
808	18,1,2151,5	3	3	1	4	0					2,7,67,5	10000
809	18,1,2151,5	3	3	1	5	0					2,7,87,5	10000
810	18,1,2151,5	3	3	2	1	0					2,7,17,5	10000
811	18,1,2151,5	3	3	2	2	0					2,7,37,5	10000
812	18,1,2151,5	3	3	2	3	0					2,7,57,5	10000
813	18,1,2151,5	3	3	2	4	0					2,7,77,5	10000
814	18,1,2151,5	3	3	2	5	0					2,7,97,5	10000
815	18,1,2152,1	4	1	1	2	0					2,9,61,1	10000
816	18,1,2152,1	4	1	1	3	0					2,9,101,1	10000
817	18,1,2152,1	4	1	1	5	0					2,9,181,1	10000
818	18,1,2152,1	4	1	2	2	0					2,9,71,1	10000
819	18,1,2152,1	4	1	2	3	0					2,9,111,1	10000
820	18,1,2152,1	4	1	2	5	0					2,9,191,1	10000
821	18,1,2152,1	4	2	1	2	0					2,3,63,1	10000
822	18,1,2152,1	4	2	1	3	0					2,3,103,1	10000
823	18,1,2152,1	4	2	1	5	0					2,3,183,1	10000
824	18,1,2152,1	4	2	2	2	0					2,3,73,1	10000
825	18,1,2152,1	4	2	2	3	0					2,3,113,1	10000
826	18,1,2152,1	4	2	2	5	0					2,3,193,1	10000
827	18,1,2152,1	4	3	1	1	0					2,8,1,1	10000
828	18,1,2152,1	4	3	1	2	0					2,8,21,1	10000
829	18,1,2152,1	4	3	1	3	0					2,8,41,1	10000
830	18,1,2152,1	4	3	1	4	0					2,8,61,1	10000
831	18,1,2152,1	4	3	1	5	0					2,8,81,1	10000
832	18,1,2152,1	4	3	2	1	0					2,8,11,1	10000
833	18,1,2152,1	4	3	2	2	0					2,8,31,1	10000
834	18,1,2152,1	4	3	2	3	0					2,8,51,1	10000
835	18,1,2152,1	4	3	2	4	0					2,8,71,1	10000
836	18,1,2152,1	4	3	2	5	0					2,8,91,1	10000
837	18,1,2152,2	4	1	1	2	0					2,9,62,2	10000
838	18,1,2152,2	4	1	1	3	0					2,9,102,2	10000
839	18,1,2152,2	4	1	1	5	0					2,9,182,2	10000
840	18,1,2152,2	4	1	2	2	0					2,9,72,2	10000
841	18,1,2152,2	4	1	2	3	0					2,9,112,2	10000
842	18,1,2152,2	4	1	2	5	0					2,9,192,2	10000
843	18,1,2152,2	4	2	1	2	0					2,3,64,2	10000
844	18,1,2152,2	4	2	1	3	0					2,3,104,2	10000
845	18,1,2152,2	4	2	1	5	0					2,3,184,2	10000
846	18,1,2152,2	4	2	2	2	0					2,3,74,2	10000
847	18,1,2152,2	4	2	2	3	0					2,3,114,2	10000
848	18,1,2152,2	4	2	2	5	0					2,3,194,2	10000
849	18,1,2152,2	4	3	1	1	0					2,8,2,2	10000
850	18,1,2152,2	4	3	1	2	0					2,8,22,2	10000
851	18,1,2152,2	4	3	1	3	0					2,8,42,2	10000
852	18,1,2152,2	4	3	1	4	0					2,8,62,2	10000
853	18,1,2152,2	4	3	1	5	0					2,8,82,2	10000
854	18,1,2152,2	4	3	2	1	0					2,8,12,2	10000
855	18,1,2152,2	4	3	2	2	0					2,8,32,2	10000
856	18,1,2152,2	4	3	2	3	0					2,8,52,2	10000
857	18,1,2152,2	4	3	2	4	0					2,8,72,2	10000
858	18,1,2152,2	4	3	2	5	0					2,8,92,2	10000
859	18,1,2152,3	4	1	1	2	0					2,9,63,3	10000
860	18,1,2152,3	4	1	1	3	0					2,9,103,3	10000
861	18,1,2152,3	4	1	1	5	0					2,9,183,3	10000
862	18,1,2152,3	4	1	2	2	0					2,9,73,3	10000
863	18,1,2152,3	4	1	2	3	0					2,9,113,3	10000
864	18,1,2152,3	4	1	2	5	0					2,9,193,3	10000
865	18,1,2152,3	4	2	1	2	0					2,3,65,3	10000
866	18,1,2152,3	4	2	1	3	0					2,3,105,3	10000
867	18,1,2152,3	4	2	1	5	0					2,3,185,3	10000
868	18,1,2152,3	4	2	2	2	0					2,3,75,3	10000
869	18,1,2152,3	4	2	2	3	0					2,3,115,3	10000
870	18,1,2152,3	4	2	2	5	0					2,3,195,3	10000
871	18,1,2152,3	4	3	1	1	0					2,8,3,3	10000
872	18,1,2152,3	4	3	1	2	0					2,8,23,3	10000
873	18,1,2152,3	4	3	1	3	0					2,8,43,3	10000
874	18,1,2152,3	4	3	1	4	0					2,8,63,3	10000
875	18,1,2152,3	4	3	1	5	0					2,8,83,3	10000
876	18,1,2152,3	4	3	2	1	0					2,8,13,3	10000
877	18,1,2152,3	4	3	2	2	0					2,8,33,3	10000
878	18,1,2152,3	4	3	2	3	0					2,8,53,3	10000
879	18,1,2152,3	4	3	2	4	0					2,8,73,3	10000
880	18,1,2152,3	4	3	2	5	0					2,8,93,3	10000
881	18,1,2152,4	4	1	1	2	0					2,9,64,4	10000
882	18,1,2152,4	4	1	1	3	0					2,9,104,4	10000
883	18,1,2152,4	4	1	1	5	0					2,9,184,4	10000
884	18,1,2152,4	4	1	2	2	0					2,9,74,4	10000
885	18,1,2152,4	4	1	2	3	0					2,9,114,4	10000
886	18,1,2152,4	4	1	2	5	0					2,9,194,4	10000
887	18,1,2152,4	4	2	1	2	0					2,3,66,4	10000
888	18,1,2152,4	4	2	1	3	0					2,3,106,4	10000
889	18,1,2152,4	4	2	1	5	0					2,3,186,4	10000
890	18,1,2152,4	4	2	2	2	0					2,3,76,4	10000
891	18,1,2152,4	4	2	2	3	0					2,3,116,4	10000
892	18,1,2152,4	4	2	2	5	0					2,3,196,4	10000
893	18,1,2152,4	4	3	1	1	0					2,8,4,4	10000
894	18,1,2152,4	4	3	1	2	0					2,8,24,4	10000
895	18,1,2152,4	4	3	1	3	0					2,8,44,4	10000
896	18,1,2152,4	4	3	1	4	0					2,8,64,4	10000
897	18,1,2152,4	4	3	1	5	0					2,8,84,4	10000
898	18,1,2152,4	4	3	2	1	0					2,8,14,4	10000
899	18,1,2152,4	4	3	2	2	0					2,8,34,4	10000
900	18,1,2152,4	4	3	2	3	0					2,8,54,4	10000
901	18,1,2152,4	4	3	2	4	0					2,8,74,4	10000
902	18,1,2152,4	4	3	2	5	0					2,8,94,4	10000
903	18,1,2152,5	4	1	1	2	0					2,9,65,5	10000
904	18,1,2152,5	4	1	1	3	0					2,9,105,5	10000
905	18,1,2152,5	4	1	1	5	0					2,9,185,5	10000
906	18,1,2152,5	4	1	2	2	0					2,9,75,5	10000
907	18,1,2152,5	4	1	2	3	0					2,9,115,5	10000
908	18,1,2152,5	4	1	2	5	0					2,9,195,5	10000
909	18,1,2152,5	4	2	1	2	0					2,3,67,5	10000
910	18,1,2152,5	4	2	1	3	0					2,3,107,5	10000
911	18,1,2152,5	4	2	1	5	0					2,3,187,5	10000
912	18,1,2152,5	4	2	2	2	0					2,3,77,5	10000
913	18,1,2152,5	4	2	2	3	0					2,3,117,5	10000
914	18,1,2152,5	4	2	2	5	0					2,3,197,5	10000
915	18,1,2152,5	4	3	1	1	0					2,8,5,5	10000
916	18,1,2152,5	4	3	1	2	0					2,8,25,5	10000
917	18,1,2152,5	4	3	1	3	0					2,8,45,5	10000
918	18,1,2152,5	4	3	1	4	0					2,8,65,5	10000
919	18,1,2152,5	4	3	1	5	0					2,8,85,5	10000
920	18,1,2152,5	4	3	2	1	0					2,8,15,5	10000
921	18,1,2152,5	4	3	2	2	0					2,8,35,5	10000
922	18,1,2152,5	4	3	2	3	0					2,8,55,5	10000
923	18,1,2152,5	4	3	2	4	0					2,8,75,5	10000
924	18,1,2152,5	4	3	2	5	0					2,8,95,5	10000
925	18,1,2153,1	5	1	0	1	0					2,5,1,1	10000
926	18,1,2153,1	5	1	0	2	0					2,5,11,1	10000
927	18,1,2153,1	5	1	0	3	0					2,5,21,1	10000
928	18,1,2153,1	5	1	0	4	0					2,5,31,1	10000
929	18,1,2153,1	5	1	0	5	0					2,5,41,1	10000
930	18,1,2153,1	5	2	0	1	0					2,4,1,1	10000
931	18,1,2153,1	5	2	0	2	0					2,4,11,1	10000
932	18,1,2153,1	5	2	0	3	0					2,4,21,1	10000
933	18,1,2153,1	5	2	0	4	0					2,4,31,1	10000
934	18,1,2153,1	5	2	0	5	0					2,4,41,1	10000
935	18,1,2153,1	5	3	1	1	0					2,11,1,1	10000
936	18,1,2153,1	5	3	1	2	0					2,11,21,1	10000
937	18,1,2153,1	5	3	1	3	0					2,11,41,1	10000
938	18,1,2153,1	5	3	1	4	0					2,11,61,1	10000
939	18,1,2153,1	5	3	1	5	0					2,11,81,1	10000
940	18,1,2153,1	5	3	2	1	0					2,11,11,1	10000
941	18,1,2153,1	5	3	2	2	0					2,11,31,1	10000
942	18,1,2153,1	5	3	2	3	0					2,11,51,1	10000
943	18,1,2153,1	5	3	2	4	0					2,11,71,1	10000
944	18,1,2153,1	5	3	2	5	0					2,11,91,1	10000
945	18,1,2153,1	5	4	0	1	0					2,6,2,1	10000
946	18,1,2153,1	5	4	0	2	0					2,6,12,1	10000
947	18,1,2153,1	5	4	0	3	0					2,6,22,1	10000
948	18,1,2153,1	5	4	0	4	0					2,6,32,1	10000
949	18,1,2153,1	5	4	0	5	0					2,6,42,1	10000
950	18,1,2153,2	5	1	0	1	0					2,5,2,2	10000
951	18,1,2153,2	5	1	0	2	0					2,5,12,2	10000
952	18,1,2153,2	5	1	0	3	0					2,5,22,2	10000
953	18,1,2153,2	5	1	0	4	0					2,5,32,2	10000
954	18,1,2153,2	5	1	0	5	0					2,5,42,2	10000
955	18,1,2153,2	5	2	0	1	0					2,4,2,2	10000
956	18,1,2153,2	5	2	0	2	0					2,4,12,2	10000
957	18,1,2153,2	5	2	0	3	0					2,4,22,2	10000
958	18,1,2153,2	5	2	0	4	0					2,4,32,2	10000
959	18,1,2153,2	5	2	0	5	0					2,4,42,2	10000
960	18,1,2153,2	5	3	1	1	0					2,11,2,2	10000
961	18,1,2153,2	5	3	1	2	0					2,11,22,2	10000
962	18,1,2153,2	5	3	1	3	0					2,11,42,2	10000
963	18,1,2153,2	5	3	1	4	0					2,11,62,2	10000
964	18,1,2153,2	5	3	1	5	0					2,11,82,2	10000
965	18,1,2153,2	5	3	2	1	0					2,11,12,2	10000
966	18,1,2153,2	5	3	2	2	0					2,11,32,2	10000
967	18,1,2153,2	5	3	2	3	0					2,11,52,2	10000
968	18,1,2153,2	5	3	2	4	0					2,11,72,2	10000
969	18,1,2153,2	5	3	2	5	0					2,11,92,2	10000
970	18,1,2153,2	5	4	0	1	0					2,6,3,2	10000
971	18,1,2153,2	5	4	0	2	0					2,6,13,2	10000
972	18,1,2153,2	5	4	0	3	0					2,6,23,2	10000
973	18,1,2153,2	5	4	0	4	0					2,6,33,2	10000
974	18,1,2153,2	5	4	0	5	0					2,6,43,2	10000
975	18,1,2153,3	5	1	0	1	0					2,5,3,3	10000
976	18,1,2153,3	5	1	0	2	0					2,5,13,3	10000
977	18,1,2153,3	5	1	0	3	0					2,5,23,3	10000
978	18,1,2153,3	5	1	0	4	0					2,5,33,3	10000
979	18,1,2153,3	5	1	0	5	0					2,5,43,3	10000
980	18,1,2153,3	5	2	0	1	0					2,4,3,3	10000
981	18,1,2153,3	5	2	0	2	0					2,4,13,3	10000
982	18,1,2153,3	5	2	0	3	0					2,4,23,3	10000
983	18,1,2153,3	5	2	0	4	0					2,4,33,3	10000
984	18,1,2153,3	5	2	0	5	0					2,4,43,3	10000
985	18,1,2153,3	5	3	1	1	0					2,11,3,3	10000
986	18,1,2153,3	5	3	1	2	0					2,11,23,3	10000
987	18,1,2153,3	5	3	1	3	0					2,11,43,3	10000
988	18,1,2153,3	5	3	1	4	0					2,11,63,3	10000
989	18,1,2153,3	5	3	1	5	0					2,11,83,3	10000
990	18,1,2153,3	5	3	2	1	0					2,11,13,3	10000
991	18,1,2153,3	5	3	2	2	0					2,11,33,3	10000
992	18,1,2153,3	5	3	2	3	0					2,11,53,3	10000
993	18,1,2153,3	5	3	2	4	0					2,11,73,3	10000
994	18,1,2153,3	5	3	2	5	0					2,11,93,3	10000
995	18,1,2153,3	5	4	0	1	0					2,6,4,3	10000
996	18,1,2153,3	5	4	0	2	0					2,6,14,3	10000
997	18,1,2153,3	5	4	0	3	0					2,6,24,3	10000
998	18,1,2153,3	5	4	0	4	0					2,6,34,3	10000
999	18,1,2153,3	5	4	0	5	0					2,6,44,3	10000
1000	18,1,2153,4	5	1	0	1	0					2,5,4,4	10000
1001	18,1,2153,4	5	1	0	2	0					2,5,14,4	10000
1002	18,1,2153,4	5	1	0	3	0					2,5,24,4	10000
1003	18,1,2153,4	5	1	0	4	0					2,5,34,4	10000
1004	18,1,2153,4	5	1	0	5	0					2,5,44,4	10000
1005	18,1,2153,4	5	2	0	1	0					2,4,4,4	10000
1006	18,1,2153,4	5	2	0	2	0					2,4,14,4	10000
1007	18,1,2153,4	5	2	0	3	0					2,4,24,4	10000
1008	18,1,2153,4	5	2	0	4	0					2,4,34,4	10000
1009	18,1,2153,4	5	2	0	5	0					2,4,44,4	10000
1010	18,1,2153,4	5	3	1	1	0					2,11,4,4	10000
1011	18,1,2153,4	5	3	1	2	0					2,11,24,4	10000
1012	18,1,2153,4	5	3	1	3	0					2,11,44,4	10000
1013	18,1,2153,4	5	3	1	4	0					2,11,64,4	10000
1014	18,1,2153,4	5	3	1	5	0					2,11,84,4	10000
1015	18,1,2153,4	5	3	2	1	0					2,11,14,4	10000
1016	18,1,2153,4	5	3	2	2	0					2,11,34,4	10000
1017	18,1,2153,4	5	3	2	3	0					2,11,54,4	10000
1018	18,1,2153,4	5	3	2	4	0					2,11,74,4	10000
1019	18,1,2153,4	5	3	2	5	0					2,11,94,4	10000
1020	18,1,2153,4	5	4	0	1	0					2,6,5,4	10000
1021	18,1,2153,4	5	4	0	2	0					2,6,15,4	10000
1022	18,1,2153,4	5	4	0	3	0					2,6,25,4	10000
1023	18,1,2153,4	5	4	0	4	0					2,6,35,4	10000
1024	18,1,2153,4	5	4	0	5	0					2,6,45,4	10000
1025	18,1,2153,5	5	1	0	1	0					2,5,5,5	10000
1026	18,1,2153,5	5	1	0	2	0					2,5,15,5	10000
1027	18,1,2153,5	5	1	0	3	0					2,5,25,5	10000
1028	18,1,2153,5	5	1	0	4	0					2,5,35,5	10000
1029	18,1,2153,5	5	1	0	5	0					2,5,45,5	10000
1030	18,1,2153,5	5	2	0	1	0					2,4,5,5	10000
1031	18,1,2153,5	5	2	0	2	0					2,4,15,5	10000
1032	18,1,2153,5	5	2	0	3	0					2,4,25,5	10000
1033	18,1,2153,5	5	2	0	4	0					2,4,35,5	10000
1034	18,1,2153,5	5	2	0	5	0					2,4,45,5	10000
1035	18,1,2153,5	5	3	1	1	0					2,11,5,5	10000
1036	18,1,2153,5	5	3	1	2	0					2,11,25,5	10000
1037	18,1,2153,5	5	3	1	3	0					2,11,45,5	10000
1038	18,1,2153,5	5	3	1	4	0					2,11,65,5	10000
1039	18,1,2153,5	5	3	1	5	0					2,11,85,5	10000
1040	18,1,2153,5	5	3	2	1	0					2,11,15,5	10000
1041	18,1,2153,5	5	3	2	2	0					2,11,35,5	10000
1042	18,1,2153,5	5	3	2	3	0					2,11,55,5	10000
1043	18,1,2153,5	5	3	2	4	0					2,11,75,5	10000
1044	18,1,2153,5	5	3	2	5	0					2,11,95,5	10000
1045	18,1,2153,5	5	4	0	1	0					2,6,6,5	10000
1046	18,1,2153,5	5	4	0	2	0					2,6,16,5	10000
1047	18,1,2153,5	5	4	0	3	0					2,6,26,5	10000
1048	18,1,2153,5	5	4	0	4	0					2,6,36,5	10000
1049	18,1,2153,5	5	4	0	5	0					2,6,46,5	10000
1050	18,1,2149,1	6	1	0	2	1					2,1,912,1	10000
1051	18,1,2149,2	6	1	0	2	1					2,1,913,2	10000
1052	18,1,2149,3	6	1	0	2	1					2,1,914,3	10000
1053	18,1,2149,4	6	1	0	2	1					2,1,915,4	10000
1054	18,1,2149,5	6	1	0	2	1					2,1,916,5	10000
1055	18,1,2149,1	6	8	0	5	1					2,2,165,1	10000
1056	18,1,2149,2	6	8	0	5	1					2,2,166,2	10000
1057	18,1,2149,3	6	8	0	5	1					2,2,167,3	10000
1058	18,1,2149,4	6	8	0	5	1					2,2,168,4	10000
1059	18,1,2149,5	6	8	0	5	1					2,2,169,5	10000
1060	18,1,2151,1	3	2	1	5	0					2,3,1363,1	10000
1061	18,1,2151,2	3	2	1	5	0					2,3,1364,2	10000
1062	18,1,2151,3	3	2	1	5	0					2,3,1365,3	10000
1063	18,1,2151,4	3	2	1	5	0					2,3,1366,4	10000
1064	18,1,2151,5	3	2	1	5	0					2,3,1367,5	10000
1065	18,1,2151,1	3	2	2	5	0					2,3,1373,1	10000
1066	18,1,2151,2	3	2	2	5	0					2,3,1374,2	10000
1067	18,1,2151,3	3	2	2	5	0					2,3,1375,3	10000
1068	18,1,2151,4	3	2	2	5	0					2,3,1376,4	10000
1069	18,1,2151,5	3	2	2	5	0					2,3,1377,5	10000
1070	18,1,2151,1	3	1	1	5	0					2,9,1001,1	10000
1071	18,1,2151,2	3	1	1	5	0					2,9,1002,2	10000
1072	18,1,2151,3	3	1	1	5	0					2,9,1003,3	10000
1073	18,1,2151,4	3	1	1	5	0					2,9,1004,4	10000
1074	18,1,2151,5	3	1	1	5	0					2,9,1005,5	10000
1075	18,1,2151,1	3	1	2	5	0					2,9,1011,1	10000
1076	18,1,2151,2	3	1	2	5	0					2,9,1012,2	10000
1077	18,1,2151,3	3	1	2	5	0					2,9,1013,3	10000
1078	18,1,2151,4	3	1	2	5	0					2,9,1014,4	10000
1079	18,1,2151,5	3	1	2	5	0					2,9,1015,5	10000
1080	18,1,2149,1	6	1	0	4	2					2,1,1531,1	10000
1081	18,1,2149,2	6	1	0	4	2					2,1,1532,2	10000
1082	18,1,2149,3	6	1	0	4	2					2,1,1533,3	10000
1083	18,1,2149,4	6	1	0	4	2					2,1,1534,4	10000
1084	18,1,2149,5	6	1	0	4	2					2,1,1535,5	10000
