[DEFAULT]
Dir1=-1,20,21,14,13,1,16,9,7,5,6,12,8,0,
Dir2=-1,14,13,16,20,21,7,9,5,1,0,12,8,6,
Dir3=-1,14,13,9,7,1,5,0,8,6,12,16,20,21,
Dir4=-1,9,7,12,13,5,14,16,1,0,8,6,20,21,
Dir5=-1,12,13,8,6,5,14,16,1,0,7,9,20,21,
Dir6=-1,8,6,12,13,5,14,16,1,0,9,7,20,21,
Dir7=-1,13,6,8,5,12,20,14,16,1,0,7,9,21,
Dir8=-1,20,21,14,13,16,1,8,6,5,12,0,9,7,
Dir9=-1,12,13,14,8,6,9,5,16,0,1,7,20,21,
Dir10=-1,12,13,14,8,6,9,5,16,0,1,7,20,21,
Dir11=-1,12,13,14,8,6,9,5,16,0,1,7,20,21,
Dir12=-1,12,13,14,8,6,5,16,0,1,9,7,20,21,
Dir13=-1,12,13,14,8,6,5,16,0,1,9,7,20,21,
Dir14=-1,12,13,14,8,6,5,16,1,0,7,9,20,21,
Dir15=-1,12,13,14,6,8,5,16,1,0,7,9,20,21,
Dir16=-1,12,13,14,5,0,1,6,8,7,9,16,20,21,
UnitNum=11
DirNum=18

[FreeAttack]
TotalFrameBefore=72
Line1=4,14,13,1,16,5,9,7,6,12,8,0,20,21,
Line2=5,14,13,1,16,5,9,7,6,12,8,0,20,21,
Line3=67,14,13,1,8,6,16,5,12,0,9,7,20,21,
Line4=68,14,13,1,8,6,16,5,12,0,9,7,20,21,
Line5=54,8,6,12,13,14,16,5,1,0,9,7,20,21,
Line6=55,8,6,12,13,14,16,5,1,0,9,7,20,21,
Line7=56,8,6,12,13,14,16,5,1,0,9,7,20,21,
Line8=41,12,13,8,6,5,14,7,9,16,0,1,20,21,
Line9=44,12,13,8,6,5,14,7,9,16,0,1,20,21,
Line10=43,12,13,8,6,5,14,0,7,9,16,1,20,21,
Line11=42,12,13,8,6,5,14,0,7,9,16,1,20,21,
Line12=40,12,13,8,6,5,14,7,9,16,0,1,20,21,
Line13=39,12,13,8,6,5,14,0,7,9,16,1,20,21,
Line14=36,12,13,8,6,5,14,0,7,9,16,1,20,21,
Line15=20,9,7,12,13,14,5,0,6,8,16,1,20,21,
Line16=19,9,7,12,13,14,5,0,6,8,16,1,20,21,
Line17=18,9,7,12,13,14,5,0,6,8,16,1,20,21,
Line18=35,9,7,12,13,5,14,0,8,6,16,1,20,21,
Line19=34,9,7,12,13,5,14,0,8,6,16,1,20,21,
Line20=30,9,7,12,13,5,14,0,8,6,16,1,20,21,
Line21=29,9,7,12,13,5,14,0,8,6,16,1,20,21,
Line22=27,9,7,12,13,5,14,0,8,6,16,1,20,21,

[FreeDie]
TotalFrameBefore=104
Dir1=-1,14,13,1,16,9,7,5,6,12,8,0,
Dir2=-1,14,13,16,7,9,5,0,1,12,8,6,
Dir3=-1,14,13,9,7,1,5,0,8,6,12,16,
Dir4=-1,9,7,12,13,5,14,16,1,0,8,6,
Dir5=-1,12,13,8,6,5,14,16,1,0,7,9,
Dir6=-1,8,6,12,13,5,14,16,1,0,9,7,
Dir7=-1,14,13,16,6,8,5,1,0,12,7,9,
Dir8=-1,14,13,16,1,8,6,5,12,0,9,7,
Line1=9,14,13,9,7,5,6,12,8,16,0,1,
Line2=8,14,13,9,7,5,6,12,8,16,0,1,
Line3=7,14,13,9,7,5,6,16,12,8,0,1,
Line4=12,14,13,9,7,5,6,12,8,16,0,1,
Line5=11,14,13,9,7,5,6,12,8,16,0,1,
Line6=10,14,13,9,7,5,6,12,8,0,16,1,
Line7=25,14,13,9,7,5,12,6,8,0,16,1,
Line8=24,14,13,9,7,5,12,6,8,0,16,1,
Line9=23,14,13,9,7,5,12,6,8,0,16,1,
Line10=22,14,13,9,7,5,12,6,8,0,16,1,
Line11=21,14,13,9,7,5,12,6,8,0,16,1,
Line12=20,14,13,9,7,5,12,6,8,0,16,1,
Line13=57,12,13,8,6,5,14,0,7,9,16,1,
Line14=56,12,13,8,6,5,14,0,7,9,16,1,
Line15=55,12,13,8,6,5,14,0,7,9,16,1,
Line16=54,12,13,8,6,5,14,0,7,9,16,1,
Line17=53,12,13,8,6,5,14,0,7,9,16,1,
Line18=52,12,13,8,6,5,14,0,7,9,16,1,
Line19=58,12,13,8,6,5,14,0,7,9,16,1,
Line20=59,12,13,8,6,5,14,0,7,9,16,1,
Line21=60,12,13,8,6,5,14,0,7,9,16,1,
Line22=61,12,13,8,6,5,14,0,7,9,16,1,
Line23=62,12,13,8,6,5,14,0,7,9,16,1,
Line24=64,12,13,8,6,5,14,0,7,9,16,1,
Line25=63,12,13,8,6,5,14,0,7,9,16,1,

[FreeMagic]
TotalFrameBefore=96
Line1=24,9,7,12,13,14,5,0,6,8,16,1,20,21,
Line2=25,9,7,12,13,14,5,0,6,8,16,1,20,21,
Line3=36,9,7,12,13,5,14,0,8,6,16,1,20,21,
Line4=37,9,7,12,13,5,14,0,8,6,16,1,20,21,
Line5=38,9,7,12,13,5,14,0,8,6,16,1,20,21,
Line6=39,9,7,12,13,5,14,0,8,6,16,1,20,21,
Line7=40,9,7,12,13,5,14,0,8,6,16,1,20,21,
Line8=41,9,7,12,13,5,14,0,8,6,16,1,20,21,
Line9=42,9,7,12,13,5,14,0,8,6,16,1,20,21,
Line10=43,9,7,12,13,5,14,0,8,6,16,1,20,21,
Line11=44,9,7,12,13,5,14,0,8,6,16,1,20,21,
Line12=45,9,7,12,13,5,14,0,8,6,16,1,20,21,
Line13=46,9,7,12,13,5,14,0,8,6,16,1,20,21,
Line14=47,9,7,12,13,5,14,0,8,6,16,1,20,21,
Line15=48,12,13,8,6,5,14,0,7,9,16,1,20,21,
Line16=49,12,13,8,6,5,14,0,7,9,16,1,20,21,
Line17=50,12,13,8,6,5,14,0,7,9,16,1,20,21,
Line18=51,12,13,8,6,5,14,0,7,9,16,1,20,21,
Line19=52,12,13,8,6,5,14,0,7,9,16,1,20,21,
Line20=53,12,13,8,6,5,14,7,9,16,0,1,20,21,
Line21=54,12,13,8,6,5,14,7,9,16,0,1,20,21,
Line22=55,12,13,8,6,5,14,7,9,16,0,1,20,21,
Line23=56,12,13,8,6,5,14,7,9,16,0,1,20,21,
Line24=57,12,13,8,6,5,14,7,9,16,0,1,20,21,
Line25=58,12,13,8,6,5,14,7,9,16,0,1,20,21,
Line26=59,12,13,8,6,5,14,7,9,16,0,1,20,21,
Line27=72,8,6,12,13,14,16,5,1,0,9,7,20,21,

[MeleeWWound]
TotalFrameBefore=64
Line1=49,8,6,12,13,14,16,1,5,0,9,7,20,21,
Line2=50,8,6,12,13,14,16,1,5,0,9,7,20,21,
Line3=51,8,6,12,13,14,16,1,5,0,9,7,20,21,
Line4=52,8,6,12,13,14,16,1,5,0,9,7,20,21,
Line5=53,8,6,12,13,14,16,1,5,0,9,7,20,21,
Line6=54,8,6,12,13,14,16,1,5,0,9,7,20,21,
Line7=55,8,6,12,13,14,16,1,5,0,9,7,20,21,
Line8=48,8,6,12,13,14,16,1,5,0,9,7,20,21,
Line9=40,8,6,12,13,14,16,5,1,0,9,7,20,21,
Line10=41,8,6,12,13,14,16,5,1,0,9,7,20,21,
Line11=42,8,6,12,13,14,16,5,1,0,9,7,20,21,
Line12=43,8,6,12,13,14,16,5,1,0,9,7,20,21,
Line13=44,8,6,12,13,14,16,5,1,0,9,7,20,21,
Line14=45,8,6,12,13,14,16,5,1,0,9,7,20,21,
Line15=46,8,6,12,13,14,16,5,1,0,9,7,20,21,
Line16=47,8,6,12,13,14,16,5,1,0,9,7,20,21,
Line17=22,9,7,12,13,14,5,0,6,8,16,1,20,21,
Line18=21,9,7,12,13,14,5,0,6,8,16,1,20,21,
Line19=20,9,7,12,13,14,5,0,6,8,16,1,20,21,
Line20=19,9,7,12,13,14,5,0,6,8,16,1,20,21,
Line21=18,9,7,12,13,14,5,0,6,8,16,1,20,21,
Line22=17,9,7,12,13,14,5,0,6,8,16,1,20,21,
Line23=16,9,7,12,13,14,5,0,6,8,16,1,20,21,
Line24=23,9,7,12,13,14,5,0,6,8,16,1,20,21,
Line25=24,9,7,12,13,5,14,0,8,6,16,1,20,21,
Line26=25,9,7,12,13,5,14,0,8,6,16,1,20,21,
Line27=26,9,7,12,13,5,14,0,8,6,16,1,20,21,
Line28=27,9,7,12,13,5,14,0,8,6,16,1,20,21,
Line29=28,9,7,12,13,5,14,0,8,6,16,1,20,21,
Line30=29,9,7,12,13,5,14,0,8,6,16,1,20,21,
Line31=30,9,7,12,13,5,14,0,8,6,16,1,20,21,
Line32=31,9,7,12,13,5,14,0,8,6,16,1,20,21,

[MeleeWDie]
TotalFrameBefore=104
Dir1=-1,14,13,1,16,9,7,5,6,12,8,0,
Dir2=-1,14,13,9,7,16,5,1,0,12,6,8,
Dir3=-1,9,7,12,13,14,5,16,1,0,6,8,
Dir4=-1,9,7,12,13,5,14,16,1,0,8,6,
Dir5=-1,12,13,8,6,5,14,16,1,0,7,9,
Dir6=-1,8,6,12,13,5,14,16,1,0,9,7,
Dir7=-1,8,6,12,13,14,5,16,1,0,9,7,
Dir8=-1,14,13,16,1,8,6,5,12,0,9,7,
Line1=12,14,13,9,7,5,6,12,8,0,16,1,
Line2=11,14,13,9,7,5,6,12,8,0,16,1,
Line3=10,14,13,9,7,5,6,12,8,0,16,1,
Line4=9,14,13,9,7,5,6,12,8,0,16,1,
Line5=8,14,13,9,7,5,6,12,8,0,16,1,
Line6=7,14,13,9,7,5,16,1,6,12,8,0,
Line7=25,14,13,9,7,5,12,6,8,0,16,1,
Line8=24,14,13,9,7,5,12,6,8,0,16,1,
Line9=23,14,13,9,7,5,12,6,8,0,16,1,
Line10=22,14,13,9,7,5,12,6,8,0,16,1,
Line11=21,14,13,9,7,5,12,6,8,0,16,1,
Line12=51,9,7,12,13,5,14,0,8,6,16,1,
Line13=50,9,7,12,13,5,14,0,8,6,16,1,
Line14=49,9,7,12,13,5,14,0,8,6,16,1,
Line15=48,9,7,12,13,5,14,0,8,6,16,1,
Line16=47,9,7,12,13,5,14,0,8,6,16,1,
Line17=46,9,7,12,13,5,14,0,8,6,16,1,
Line18=45,9,7,12,13,5,14,0,8,6,16,1,
Line19=44,9,7,12,13,5,14,0,8,6,16,1,
Line20=43,9,7,12,13,5,14,0,8,6,16,1,
Line21=42,9,7,12,13,5,14,0,8,6,16,1,
Line22=41,9,7,12,13,5,14,0,8,6,16,1,
Line23=40,9,7,12,13,5,14,0,8,6,16,1,
Line24=39,9,7,12,13,5,14,0,8,6,16,1,
Line25=53,12,13,8,6,5,14,0,7,9,16,1,
Line26=52,12,13,8,6,5,14,0,7,9,16,1,
Line27=54,12,13,8,6,5,14,0,7,9,16,1,
Line28=55,12,13,8,6,5,14,0,7,9,16,1,
Line29=56,12,13,8,6,5,14,0,7,9,16,1,
Line30=57,12,13,8,6,5,14,0,7,9,16,1,
Line31=58,12,13,8,6,5,14,0,7,9,16,1,
Line32=59,12,13,8,6,5,14,0,7,9,16,1,
Line33=60,12,13,8,6,5,14,0,7,9,16,1,
Line34=61,12,13,8,6,5,14,0,7,9,16,1,
Line35=62,12,13,8,6,5,14,0,7,9,16,1,
Line36=63,12,13,8,6,5,14,0,7,9,16,1,
Line37=64,12,13,8,6,5,14,0,7,9,16,1,
Line38=100,14,13,8,6,5,12,0,9,7,16,1,
Line39=101,14,13,8,6,5,12,0,9,7,16,1,
Line40=102,14,13,8,6,5,12,0,9,7,16,1,
Line41=103,14,13,8,6,5,12,0,9,7,16,1,

[MeleeWPuncture]
TotalFrameBefore=128
Dir1=-1,14,13,1,16,5,6,12,8,7,9,0,20,21,
Line1=9,14,13,1,16,7,5,6,12,8,0,9,20,21,
Line2=71,9,12,13,8,6,5,14,16,1,0,7,20,21,
Line3=72,12,7,9,13,5,14,16,1,0,6,8,20,21,
Line4=73,9,12,13,5,14,16,1,0,7,6,8,20,21,
Line5=74,9,12,13,5,14,16,1,0,7,6,8,20,21,
Line6=75,9,12,13,5,14,16,1,0,7,6,8,20,21,
Line7=76,9,12,13,8,6,5,14,16,1,0,7,20,21,
Line8=116,14,13,16,1,8,6,5,12,9,7,0,20,21,
Line9=119,14,13,8,6,5,16,1,12,0,9,7,20,21,
Line10=120,14,13,8,6,5,16,1,12,0,9,7,20,21,
Line11=121,14,13,8,6,5,16,1,12,0,9,7,20,21,
Line12=122,14,13,8,6,5,16,1,12,0,9,7,20,21,
Line13=123,14,13,8,6,5,16,1,12,0,9,7,20,21,
Line14=124,14,13,8,6,5,16,1,12,0,9,7,20,21,
Line15=125,14,13,8,6,5,16,1,12,0,9,7,20,21,
Line16=96,8,6,12,13,14,16,1,5,0,9,7,20,21,
Line17=97,8,6,12,13,14,16,1,5,0,9,7,20,21,
Line18=98,8,6,12,13,14,16,1,5,0,9,7,20,21,
Line19=99,8,6,12,13,14,16,1,5,0,9,7,20,21,
Line20=100,8,6,12,13,14,16,1,5,0,9,7,20,21,
Line21=101,8,6,12,13,14,16,1,5,0,9,7,20,21,
Line22=111,8,6,12,13,14,16,5,1,0,9,7,20,21,
Line23=80,8,6,12,13,14,16,5,1,0,9,7,20,21,
Line24=81,8,6,12,13,14,16,5,1,0,9,7,20,21,
Line25=82,8,6,12,13,14,16,5,1,0,9,7,20,21,
Line26=83,8,6,12,13,14,16,1,5,0,9,7,20,21,
Line27=84,8,6,12,13,14,16,1,5,0,9,7,20,21,
Line28=86,8,6,12,13,5,14,0,7,16,9,1,20,21,
Line29=87,8,6,12,13,5,14,9,7,0,16,1,20,21,
Line30=88,8,6,12,13,5,14,9,7,0,16,1,20,21,
Line31=89,8,6,12,13,5,14,9,7,0,16,1,20,21,
Line32=90,8,6,12,13,5,14,9,7,0,16,1,20,21,
Line33=91,8,6,12,13,5,14,9,7,0,16,1,20,21,
Line34=94,8,6,12,13,5,14,0,9,7,16,1,20,21,
Line35=93,8,6,12,13,5,14,0,9,7,16,1,20,21,
Line36=92,8,6,12,13,5,14,0,9,7,16,1,20,21,
Line37=50,9,7,12,13,5,14,0,8,6,16,1,20,21,
Line38=51,9,7,12,13,5,14,0,8,6,16,1,20,21,
Line39=52,9,7,12,13,5,14,0,8,6,16,1,20,21,
Line40=53,9,7,12,13,5,14,0,8,6,16,1,20,21,
Line41=49,9,7,12,13,5,14,0,8,6,16,1,20,21,
Line42=48,9,7,12,13,5,14,0,8,6,16,1,20,21,
Line43=63,9,7,12,13,5,14,0,8,6,16,1,20,21,
Line44=62,9,7,12,13,5,14,0,8,6,16,1,20,21,

[MeleeWCut]
TotalFrameBefore=128
Line1=99,8,6,12,9,13,14,16,1,5,0,7,20,21,
Line2=100,8,9,6,12,13,14,16,5,1,0,7,20,21,
Line3=101,8,6,12,13,9,14,5,16,1,0,7,20,21,
Line4=83,9,8,6,12,13,5,14,0,7,16,1,20,21,
Line5=84,8,6,9,12,13,5,14,0,7,16,1,20,21,
Line6=85,9,8,6,12,13,5,14,0,7,16,1,20,21,
Line7=69,9,7,12,13,8,6,5,14,16,1,0,20,21,
Line8=68,9,7,12,13,8,6,5,14,16,1,0,20,21,
Line9=67,9,7,12,13,8,6,5,14,16,1,0,20,21,
Line10=66,9,7,12,13,8,6,5,14,16,1,0,20,21,
Line11=65,9,12,13,8,6,7,5,14,16,1,0,20,21,
Line12=53,7,12,13,5,14,9,16,1,0,8,6,20,21,
Line13=52,7,12,13,5,14,9,8,6,16,0,1,20,21,
Line14=35,7,12,13,14,5,16,9,1,0,6,8,20,21,
Line15=36,7,12,13,14,5,16,9,1,0,6,8,20,21,
Line16=19,14,13,7,16,1,5,12,9,6,8,0,20,21,
Line17=1,14,13,1,16,7,5,6,12,8,9,0,20,21,
Line18=2,14,13,1,16,7,5,6,12,9,8,0,20,21,
Line19=3,14,13,1,16,5,9,7,6,12,8,0,20,21,
Line20=4,14,13,1,5,16,9,7,6,12,8,0,20,21,
Line21=96,8,6,12,13,14,16,1,5,0,9,7,20,21,
Line22=97,8,6,12,13,14,16,1,5,0,9,7,20,21,
Line23=98,8,6,12,13,14,16,1,5,0,9,7,20,21,
Line24=80,8,6,12,13,14,16,5,1,0,9,7,20,21,
Line25=86,8,6,12,13,5,14,0,9,7,16,1,20,21,
Line26=87,8,6,12,13,5,14,0,9,7,16,1,20,21,
Line27=88,8,6,12,13,5,14,0,9,7,16,1,20,21,
Line28=89,8,6,12,13,5,14,0,9,7,16,1,20,21,
Line29=90,8,6,12,13,5,14,0,9,7,16,1,20,21,
Line30=91,8,6,12,13,5,14,0,9,7,16,1,20,21,
Line31=92,8,6,12,13,5,14,0,9,7,16,1,20,21,
Line32=93,8,6,12,13,5,14,9,7,16,0,1,20,21,
Line33=70,12,13,8,6,5,14,0,7,9,16,1,20,21,
Line34=71,12,13,8,6,5,14,0,7,9,16,1,20,21,
Line35=72,12,13,8,6,5,14,0,7,9,16,1,20,21,
Line36=73,12,13,8,6,5,14,0,7,9,16,1,20,21,
Line37=74,12,13,8,6,5,14,0,7,9,16,1,20,21,
Line38=75,12,13,8,6,5,14,0,7,9,16,1,20,21,
Line39=76,12,13,8,6,5,14,0,7,9,16,1,20,21,
Line40=77,12,13,8,6,5,14,7,9,16,0,1,20,21,
Line41=78,12,13,8,6,5,14,7,9,16,0,1,20,21,
Line42=48,9,7,12,13,5,14,0,8,6,16,1,20,21,
Line43=49,9,7,12,13,5,14,0,8,6,16,1,20,21,
Line44=50,9,7,12,13,5,14,0,8,6,16,1,20,21,
Line45=51,9,7,12,13,5,14,0,8,6,16,1,20,21,
Line46=63,9,7,12,13,5,14,0,8,6,16,1,20,21,
Line47=62,9,7,12,13,5,14,0,8,6,16,1,20,21,
Line48=61,9,7,12,13,5,14,0,8,6,16,1,20,21,
Line49=60,9,7,12,13,5,14,0,8,6,16,1,20,21,

[MeleeWMagic]
TotalFrameBefore=128
Line1=80,8,6,12,13,14,16,5,1,0,9,7,20,21,
Line2=81,8,6,12,13,14,16,1,5,0,9,7,20,21,
Line3=82,8,6,12,13,14,16,1,5,0,9,7,20,21,
Line4=83,8,6,12,13,14,16,1,5,0,9,7,20,21,
Line5=84,8,6,12,13,14,16,1,5,0,9,7,20,21,
Line6=85,8,6,12,13,14,16,1,5,0,9,7,20,21,
Line7=86,8,6,12,13,14,16,1,5,0,9,7,20,21,
Line8=89,8,6,12,13,5,14,0,9,7,16,1,20,21,
Line9=90,8,6,12,13,5,14,0,9,7,16,1,20,21,
Line10=91,8,6,12,13,5,14,0,9,7,16,1,20,21,
Line11=96,8,6,12,13,14,16,1,5,0,9,7,20,21,
Line12=97,8,6,12,13,14,16,1,5,0,9,7,20,21,
Line13=98,8,6,12,13,14,16,1,5,0,9,7,20,21,
Line14=99,8,6,12,13,14,16,1,5,0,9,7,20,21,
Line15=100,8,6,12,13,14,16,1,5,0,9,7,20,21,
Line16=101,8,6,12,13,14,16,1,5,0,9,7,20,21,
Line17=102,8,6,12,13,14,16,1,5,0,9,7,20,21,
Line18=103,8,6,12,13,14,16,1,5,0,9,7,20,21,
Line19=108,8,6,12,13,14,16,5,1,0,9,7,20,21,
Line20=109,8,6,12,13,14,16,1,5,0,9,7,20,21,
Line21=110,8,6,12,13,14,16,1,5,0,9,7,20,21,
Line22=111,8,6,12,13,14,16,1,5,0,9,7,20,21,
Line23=114,14,13,16,12,9,7,1,5,0,8,6,20,21,
Line24=115,14,13,16,1,9,7,5,8,6,12,0,20,21,
Line25=116,14,13,16,1,9,7,5,12,0,8,6,20,21,
Line26=117,14,13,16,12,9,7,1,5,0,8,6,20,21,
Line27=118,14,13,16,12,9,7,1,5,0,8,6,20,21,
Line28=113,14,13,16,12,9,7,1,5,0,8,6,20,21,
Line29=72,12,13,8,6,5,14,0,7,9,16,1,20,21,
Line30=73,12,13,8,6,5,14,0,7,9,16,1,20,21,
Line31=74,12,13,8,6,5,14,0,7,9,16,1,20,21,
Line32=75,12,13,8,6,5,14,0,7,9,16,1,20,21,
Line33=76,12,13,8,6,5,14,0,7,9,16,1,20,21,
Line34=77,12,13,8,6,5,14,0,7,9,16,1,20,21,
Line35=78,12,13,8,6,5,14,0,7,9,16,1,20,21,
Line36=79,12,13,8,6,5,14,0,7,9,16,1,20,21,
Line37=48,9,7,12,13,5,14,0,8,6,16,1,20,21,
Line38=49,9,7,12,13,5,14,0,8,6,16,1,20,21,
Line39=50,9,7,12,13,5,14,0,8,6,16,1,20,21,
Line40=51,9,7,12,13,8,6,5,14,16,1,0,20,21,
Line41=52,9,7,12,13,8,6,5,14,16,1,0,20,21,
Line42=53,9,7,12,13,8,6,5,14,16,1,0,20,21,
Line43=54,9,7,12,13,8,6,5,14,16,1,0,20,21,
Line44=55,9,7,12,13,8,6,5,14,16,1,0,20,21,
Line45=60,9,7,12,13,8,6,5,14,16,1,0,20,21,
Line46=61,9,7,12,13,8,6,5,14,16,1,0,20,21,
Line47=62,9,7,12,13,8,6,5,14,16,1,0,20,21,
Line48=63,9,7,12,13,8,6,5,14,16,1,0,20,21,
Line49=58,9,7,12,13,8,6,5,14,16,1,0,20,21,
Line50=32,9,7,12,13,14,8,6,5,16,1,0,20,21,
Line51=33,9,7,12,13,14,8,6,5,16,1,0,20,21,
Line52=34,9,7,12,13,14,8,6,5,16,1,0,20,21,
Line53=35,9,7,12,13,14,8,6,5,16,1,0,20,21,
Line54=36,9,7,12,13,14,8,6,5,16,1,0,20,21,
Line55=37,9,7,12,13,14,8,6,5,16,1,0,20,21,
Line56=38,9,7,12,13,14,8,6,5,16,1,0,20,21,
Line57=39,9,7,12,13,14,8,6,5,16,1,0,20,21,
Line58=46,9,7,12,13,14,5,0,6,8,16,1,20,21,
Line59=45,9,7,12,13,14,5,0,6,8,16,1,20,21,
Line60=47,9,7,12,13,14,5,0,6,8,16,1,20,21,
Line61=16,14,13,9,7,5,12,6,8,0,16,1,20,21,
Line62=17,14,13,9,7,5,12,6,8,0,16,1,20,21,
Line63=18,14,13,9,7,5,12,6,8,0,16,1,20,21,
Line64=19,14,13,9,7,5,12,6,8,0,16,1,20,21,
Line65=20,14,13,9,7,5,12,6,8,0,16,1,20,21,
Line66=21,14,13,9,7,5,12,6,8,0,16,1,20,21,
Line67=22,14,13,9,7,5,12,6,8,0,16,1,20,21,
Line68=23,14,13,9,7,5,12,6,8,0,16,1,20,21,

[RangeWFightStand]
TotalFrameBefore=80
Dir1=-1,14,13,1,16,7,5,6,9,12,8,0,20,21,
Dir5=-1,12,13,8,6,5,14,9,16,1,0,7,20,21,
Line1=16,14,13,9,7,5,12,6,8,0,16,1,20,21,
Line2=10,14,13,9,7,5,12,6,8,0,16,1,20,21,
Line3=11,14,13,9,7,5,12,6,8,0,16,1,20,21,
Line4=12,14,13,9,7,5,12,6,8,0,16,1,20,21,
Line5=13,14,13,9,7,5,12,6,8,0,16,1,20,21,
Line6=14,14,13,9,7,5,12,6,8,0,16,1,20,21,
Line7=15,14,13,9,7,5,12,6,8,0,16,1,20,21,
Line8=17,14,13,9,7,5,12,6,8,0,16,1,20,21,
Line9=18,14,13,9,7,5,12,6,8,0,16,1,20,21,
Line10=19,14,13,9,7,5,12,6,8,0,16,1,20,21,
Line11=24,9,7,12,13,14,5,0,6,8,16,1,20,21,
Line12=20,9,7,12,13,14,5,0,6,8,16,1,20,21,
Line13=21,9,7,12,13,14,5,0,6,8,16,1,20,21,
Line14=22,9,7,12,13,14,5,0,6,8,16,1,20,21,
Line15=23,9,7,12,13,14,5,0,6,8,16,1,20,21,
Line16=25,9,7,12,13,14,5,0,6,8,16,1,20,21,
Line17=26,9,7,12,13,14,5,0,6,8,16,1,20,21,
Line18=27,9,7,12,13,14,5,0,6,8,16,1,20,21,
Line19=28,9,7,12,13,14,5,0,6,8,16,1,20,21,
Line20=29,9,7,12,13,14,5,0,6,8,16,1,20,21,
Line21=30,9,7,12,13,5,14,0,8,6,16,1,20,21,
Line22=31,9,7,12,13,5,14,0,8,6,16,1,20,21,
Line23=32,9,7,12,13,5,14,0,8,6,16,1,20,21,
Line24=33,9,7,12,13,5,14,0,8,6,16,1,20,21,
Line25=34,9,7,12,13,5,14,0,8,6,16,1,20,21,
Line26=35,9,7,12,13,5,14,0,8,6,16,1,20,21,
Line27=36,9,7,12,13,5,14,0,8,6,16,1,20,21,
Line28=37,9,7,12,13,5,14,0,8,6,16,1,20,21,
Line29=38,9,7,12,13,5,14,0,8,6,16,1,20,21,
Line30=39,9,7,12,13,5,14,0,8,6,16,1,20,21,
Line31=60,8,6,12,13,14,16,1,5,0,9,7,20,21,
Line32=61,8,6,12,13,14,16,1,5,0,9,7,20,21,
Line33=62,8,6,12,13,14,16,1,5,0,9,7,20,21,
Line34=63,8,6,12,13,14,16,1,5,0,9,7,20,21,
Line35=64,8,6,12,13,14,16,1,5,0,9,7,20,21,
Line36=65,8,6,12,13,14,16,1,5,0,9,7,20,21,
Line37=66,8,6,12,13,14,16,1,5,0,9,7,20,21,
Line38=67,8,6,12,13,14,16,1,5,0,9,7,20,21,
Line39=68,8,6,12,13,14,16,1,5,0,9,7,20,21,
Line40=69,8,6,12,13,14,16,1,5,0,9,7,20,21,

[RangeWNormalStand]
TotalFrameBefore=80
Line1=30,9,7,12,13,5,14,0,8,6,16,1,20,21,
Line2=31,9,7,12,13,5,14,0,8,6,16,1,20,21,
Line3=32,9,7,12,13,5,14,0,8,6,16,1,20,21,
Line4=33,9,7,12,13,5,14,0,8,6,16,1,20,21,
Line5=34,9,7,12,13,5,14,0,8,6,16,1,20,21,
Line6=35,9,7,12,13,5,14,0,8,6,16,1,20,21,
Line7=36,9,7,12,13,5,14,0,8,6,16,1,20,21,
Line8=37,9,7,12,13,5,14,0,8,6,16,1,20,21,
Line9=38,9,7,12,13,5,14,0,8,6,16,1,20,21,
Line10=39,9,7,12,13,5,14,0,8,6,16,1,20,21,

[FreeNormalStand]
TotalFrameBefore=80
Line1=40,12,13,8,6,5,14,0,7,9,16,1,20,21,
Line2=41,12,13,8,6,5,14,0,7,9,16,1,20,21,
Line3=42,12,13,8,6,5,14,0,7,9,16,1,20,21,
Line4=43,12,13,8,6,5,14,0,7,9,16,1,20,21,
Line5=44,12,13,8,6,5,14,0,7,9,16,1,20,21,
Line6=45,12,13,8,6,5,14,0,7,9,16,1,20,21,
Line7=46,12,13,8,6,5,14,0,7,9,16,1,20,21,
Line8=47,12,13,8,6,5,14,0,7,9,16,1,20,21,
Line9=48,12,13,8,6,5,14,0,7,9,16,1,20,21,
Line10=49,12,13,8,6,5,14,0,7,9,16,1,20,21,
Line11=30,9,7,12,13,5,14,0,8,6,16,1,20,21,
Line12=31,9,7,12,13,5,14,0,8,6,16,1,20,21,
Line13=32,9,7,12,13,5,14,0,8,6,16,1,20,21,
Line14=33,9,7,12,13,5,14,0,8,6,16,1,20,21,
Line15=34,9,7,12,13,5,14,0,8,6,16,1,20,21,
Line16=35,9,7,12,13,5,14,0,8,6,16,1,20,21,
Line17=36,9,7,12,13,5,14,0,8,6,16,1,20,21,
Line18=37,9,7,12,13,5,14,0,8,6,16,1,20,21,
Line19=38,9,7,12,13,5,14,0,8,6,16,1,20,21,
Line20=39,9,7,12,13,5,14,0,8,6,16,1,20,21,
Line21=20,9,7,12,13,14,5,0,6,8,16,1,20,21,
Line22=21,9,7,12,13,14,5,0,6,8,16,1,20,21,
Line23=22,9,7,12,13,14,5,0,6,8,16,1,20,21,
Line24=23,9,7,12,13,14,5,0,6,8,16,1,20,21,
Line25=24,9,7,12,13,14,5,0,6,8,16,1,20,21,
Line26=25,9,7,12,13,14,5,0,6,8,16,1,20,21,
Line27=26,9,7,12,13,14,5,0,6,8,16,1,20,21,
Line28=27,9,7,12,13,14,5,0,6,8,16,1,20,21,
Line29=28,9,7,12,13,14,5,0,6,8,16,1,20,21,
Line30=29,9,7,12,13,14,5,0,6,8,16,1,20,21,

[RangeWWalk]
TotalFrameBefore=128
Line1=48,9,7,12,13,5,14,0,8,6,16,1,20,21,
Line2=49,9,7,12,13,5,14,0,8,6,16,1,20,21,
Line3=50,9,7,12,13,5,14,0,8,6,16,1,20,21,
Line4=51,9,7,12,13,5,14,0,8,6,16,1,20,21,
Line5=52,9,7,12,13,5,14,0,8,6,16,1,20,21,
Line6=53,9,7,12,13,5,14,0,8,6,16,1,20,21,
Line7=54,9,7,12,13,5,14,0,8,6,16,1,20,21,
Line8=55,9,7,12,13,5,14,0,8,6,16,1,20,21,
Line9=56,9,7,12,13,5,14,0,8,6,16,1,20,21,
Line10=57,9,7,12,13,5,14,0,8,6,16,1,20,21,
Line11=58,9,7,12,13,5,14,0,8,6,16,1,20,21,
Line12=59,9,7,12,13,5,14,0,8,6,16,1,20,21,
Line13=60,9,7,12,13,5,14,0,8,6,16,1,20,21,
Line14=61,9,7,12,13,5,14,0,8,6,16,1,20,21,
Line15=62,9,7,12,13,5,14,0,8,6,16,1,20,21,
Line16=63,9,7,12,13,5,14,0,8,6,16,1,20,21,

[RangeWRun]
TotalFrameBefore=128
Line1=56,7,9,12,13,5,14,0,8,6,16,1,20,21,
Line2=57,7,9,12,13,5,14,0,8,6,16,1,20,21,
Line3=58,7,9,12,13,5,14,0,8,6,16,1,20,21,
Line4=59,7,9,12,13,5,14,0,8,6,16,1,20,21,
Line5=60,7,9,12,13,5,14,0,8,6,16,1,20,21,
Line6=61,7,9,12,13,5,14,0,8,6,16,1,20,21,
Line7=62,7,9,12,13,5,14,0,8,6,16,1,20,21,
Line8=63,7,9,12,13,5,14,0,8,6,16,1,20,21,
Line9=55,7,9,12,13,5,14,0,8,6,16,1,20,21,
Line10=54,7,9,12,13,5,14,0,8,6,16,1,20,21,
Line11=53,7,9,12,13,5,14,0,8,6,16,1,20,21,
Line12=52,7,12,13,5,14,9,0,8,6,16,1,20,21,
Line13=51,7,12,13,5,14,9,0,8,6,16,1,20,21,
Line14=48,7,9,12,13,5,14,0,8,6,16,1,20,21,
Line15=50,7,9,12,13,5,14,0,8,6,16,1,20,21,
Line16=49,7,9,12,13,5,14,0,8,6,16,1,20,21,
Line17=32,9,7,12,13,14,5,0,6,8,16,1,20,21,
Line18=33,9,7,12,13,14,5,0,6,8,16,1,20,21,
Line19=34,9,7,12,13,14,5,0,6,8,16,1,20,21,
Line20=35,9,7,12,13,14,5,0,6,8,16,1,20,21,
Line21=36,9,7,12,13,14,5,0,6,8,16,1,20,21,
Line22=37,9,7,12,13,14,5,0,6,8,16,1,20,21,
Line23=38,9,7,12,13,14,5,0,6,8,16,1,20,21,
Line24=39,9,7,12,13,14,5,0,6,8,16,1,20,21,
Line25=40,9,7,12,13,14,5,0,6,8,16,1,20,21,
Line26=41,9,7,12,13,14,5,0,6,8,16,1,20,21,
Line27=42,9,7,12,13,14,5,0,6,8,16,1,20,21,
Line28=43,9,7,12,13,14,5,0,6,8,16,1,20,21,
Line29=44,9,7,12,13,14,5,0,6,8,16,1,20,21,
Line30=45,9,7,12,13,14,5,0,6,8,16,1,20,21,
Line31=46,9,7,12,13,14,5,0,6,8,16,1,20,21,
Line32=47,9,7,12,13,14,5,0,6,8,16,1,20,21,

[RangeWWound]
TotalFrameBefore=64
Line1=0,14,13,1,16,7,5,6,12,8,0,9,20,21,
Line2=1,14,13,1,16,7,5,6,12,8,0,9,20,21,
Line3=2,14,13,1,16,7,5,6,12,8,0,9,20,21,
Line4=3,14,13,1,16,7,5,6,12,8,0,9,20,21,
Line5=4,14,13,1,16,7,5,6,12,8,0,9,20,21,
Line6=5,14,13,1,16,7,5,6,12,8,0,9,20,21,
Line7=6,14,13,1,16,7,5,6,12,8,0,9,20,21,
Line8=7,14,13,1,16,7,5,6,12,8,0,9,20,21,
Line9=32,12,13,9,8,6,5,14,0,7,16,1,20,21,
Line10=33,12,13,9,8,6,5,14,0,7,16,1,20,21,
Line11=34,12,13,8,6,5,14,0,7,9,16,1,20,21,
Line12=35,12,13,8,6,5,14,0,7,9,16,1,20,21,
Line13=36,12,13,8,6,5,14,0,7,9,16,1,20,21,
Line14=37,12,13,8,6,5,14,0,7,9,16,1,20,21,
Line15=38,12,13,8,6,5,14,0,7,9,16,1,20,21,
Line16=39,12,13,8,6,5,14,0,7,9,16,1,20,21,
Line17=48,8,6,12,13,14,16,1,5,0,9,7,20,21,
Line18=49,8,6,12,13,14,16,1,5,0,9,7,20,21,
Line19=50,8,6,12,13,14,16,1,5,0,9,7,20,21,
Line20=51,8,6,12,13,14,16,1,5,0,9,7,20,21,
Line21=52,8,6,12,13,14,16,1,5,0,9,7,20,21,
Line22=53,8,6,12,13,14,16,1,5,0,9,7,20,21,
Line23=54,8,6,12,13,14,16,1,5,0,9,7,20,21,
Line24=55,8,6,12,13,14,16,1,5,0,9,7,20,21,

[RangeWDie]
TotalFrameBefore=104
Dir1=-1,14,13,1,16,9,7,5,6,12,8,0,
Dir2=-1,14,13,9,7,16,5,1,0,12,6,8,
Dir3=-1,9,7,12,13,14,5,16,1,0,6,8,
Dir4=-1,9,7,12,13,5,14,16,1,0,8,6,
Dir5=-1,12,13,8,6,5,14,16,1,0,7,9,
Dir6=-1,8,6,12,13,5,14,16,1,0,9,7,
Dir7=-1,8,6,12,13,14,5,16,1,0,9,7,
Dir8=-1,14,13,16,1,8,6,5,12,0,9,7,
Line1=25,14,13,9,7,5,12,6,8,0,16,1,
Line2=24,14,13,9,7,5,12,6,8,0,16,1,
Line3=23,14,13,9,7,5,12,6,8,0,16,1,
Line4=22,14,13,9,7,5,12,6,8,0,16,1,
Line5=21,14,13,9,7,5,12,6,8,0,16,1,
Line6=20,14,13,9,7,5,12,6,8,0,16,1,
Line7=19,14,13,9,7,5,12,6,8,0,16,1,
Line8=8,14,13,9,7,5,6,12,8,0,16,1,
Line9=9,14,13,9,7,5,6,12,8,0,16,1,
Line10=10,14,13,9,7,5,6,12,8,0,16,1,
Line11=11,14,13,9,7,5,6,12,8,0,16,1,
Line12=12,14,13,9,7,5,6,12,8,0,16,1,

[RangeWPuncture]
TotalFrameBefore=64
Dir1=-1,14,13,1,16,7,5,6,12,8,9,0,20,21,
Line1=9,14,13,7,16,1,5,12,9,6,8,0,20,21,
Line2=19,7,12,13,14,5,16,9,1,0,6,8,20,21,
Line3=18,7,12,13,14,5,16,9,1,0,6,8,20,21,
Line4=35,12,13,8,9,6,5,14,16,1,0,7,20,21,
Line5=34,12,13,9,8,6,5,14,16,1,0,7,20,21,
Line6=33,12,9,13,8,6,5,14,16,1,0,7,20,21,
Line7=32,12,13,8,9,6,5,14,16,1,0,7,20,21,
Line8=4,14,13,9,1,16,7,5,6,12,8,0,20,21,
Line9=5,14,13,9,1,16,7,5,6,12,8,0,20,21,
Line10=6,14,13,9,1,16,7,5,6,12,8,0,20,21,
Line11=10,14,13,7,16,1,5,12,6,8,0,9,20,21,
Line12=11,14,13,7,16,1,5,12,6,8,0,9,20,21,
Line13=12,14,13,9,7,5,12,6,16,8,0,1,20,21,
Line14=13,14,13,9,7,5,12,6,8,16,0,1,20,21,
Line15=14,14,13,9,7,5,12,6,8,16,0,1,20,21,
Line16=20,9,7,12,13,14,5,0,6,8,16,1,20,21,
Line17=21,9,7,12,13,14,5,0,6,8,16,1,20,21,
Line18=22,9,7,12,13,14,5,0,6,8,16,1,20,21,
Line19=23,9,7,12,13,14,5,0,6,8,16,1,20,21,
Line20=24,9,7,12,13,5,14,0,8,6,16,1,20,21,
Line21=25,9,7,12,13,5,14,0,8,6,16,1,20,21,
Line22=26,9,7,12,13,5,14,0,8,6,16,1,20,21,
Line23=27,9,7,12,13,5,14,0,8,6,16,1,20,21,
Line24=28,9,7,12,13,5,14,0,8,6,16,1,20,21,
Line25=29,9,7,12,13,5,14,0,8,6,16,1,20,21,
Line26=30,9,7,12,13,5,14,0,8,6,16,1,20,21,
Line27=31,9,7,12,13,5,14,0,8,6,16,1,20,21,
Line28=44,8,6,12,13,14,16,5,1,0,9,7,20,21,
Line29=45,8,6,12,13,14,16,1,5,0,9,7,20,21,
Line30=46,8,6,12,13,14,16,1,5,0,9,7,20,21,
Line31=47,8,6,12,13,14,16,1,5,0,9,7,20,21,
Line32=48,8,6,12,13,14,16,1,5,0,9,7,20,21,
Line33=49,8,6,12,13,14,16,1,5,0,9,7,20,21,
Line34=52,8,6,12,13,14,16,1,5,0,9,7,20,21,
Line35=53,8,6,12,13,14,16,1,5,0,9,7,20,21,
Line36=54,8,6,12,13,14,16,1,5,0,9,7,20,21,
Line37=55,8,6,12,13,14,16,1,5,0,9,7,20,21,
Line38=51,8,6,12,13,14,16,1,5,0,9,7,20,21,
Line39=60,14,13,16,1,8,12,7,5,0,6,9,20,21,
Line40=61,14,13,16,1,8,12,7,5,0,6,9,20,21,
Line41=62,14,13,16,1,8,12,7,5,0,6,9,20,21,

[RangeWCut]
TotalFrameBefore=64
Dir1=-1,14,13,1,16,7,5,6,12,9,8,0,20,21,
Dir5=-1,12,13,8,6,9,5,14,16,1,0,7,20,21,
Line1=57,14,13,16,1,8,6,5,12,0,7,9,20,21,
Line2=58,14,13,16,1,8,6,5,12,0,7,9,20,21,
Line3=48,8,6,12,13,14,16,1,5,0,9,7,20,21,
Line4=49,8,6,12,13,14,16,1,5,0,9,7,20,21,
Line5=50,8,6,12,13,14,16,1,5,0,9,7,20,21,
Line6=53,8,6,12,13,14,16,1,5,0,9,7,20,21,
Line7=54,8,6,12,13,14,16,5,1,0,9,7,20,21,
Line8=55,8,6,12,13,14,16,5,1,0,9,7,20,21,
Line9=35,12,13,8,6,9,5,14,0,7,16,1,20,21,
Line10=36,12,13,8,6,9,5,14,0,7,16,1,20,21,
Line11=37,12,13,8,6,9,5,14,0,7,16,1,20,21,
Line12=38,12,13,8,6,9,5,14,0,7,16,1,20,21,
Line13=39,12,13,8,6,9,5,14,0,7,16,1,20,21,
Line14=27,9,7,12,13,5,14,0,8,6,16,1,20,21,
Line15=24,9,7,12,13,5,14,0,8,6,16,1,20,21,
Line16=28,9,7,12,13,5,14,0,8,6,16,1,20,21,
Line17=29,9,7,12,13,5,14,0,8,6,16,1,20,21,
Line18=30,9,7,12,13,5,14,0,8,6,16,1,20,21,
Line19=31,9,7,12,13,5,14,0,8,6,16,1,20,21,
Line20=16,9,7,12,13,14,5,0,6,8,16,1,20,21,
Line21=17,9,7,12,13,14,5,0,6,8,16,1,20,21,
Line22=18,9,7,12,13,14,5,0,6,8,16,1,20,21,
Line23=22,9,7,12,13,14,5,0,6,8,16,1,20,21,
Line24=23,9,7,12,13,14,5,0,6,8,16,1,20,21,

[RangeWMagic]
TotalFrameBefore=80
Dir1=-1,14,13,1,16,7,5,6,12,9,8,0,20,21,
Dir2=-1,14,13,7,16,5,1,0,12,9,6,8,20,21,
Dir5=-1,12,13,9,8,6,5,14,16,1,0,7,20,21,
Line1=30,9,7,12,13,5,14,0,8,6,16,1,20,21,
Line2=31,9,7,12,13,5,14,0,8,6,16,1,20,21,
Line3=23,9,7,12,13,14,5,0,6,8,16,1,20,21,
Line4=33,9,7,12,13,5,14,0,8,6,16,1,20,21,
Line5=34,9,7,12,13,5,14,0,8,6,16,1,20,21,
Line6=35,9,7,12,13,5,14,0,8,6,16,1,20,21,
Line7=36,9,7,12,13,5,14,0,8,6,16,1,20,21,
Line8=37,9,7,12,13,5,14,0,8,6,16,1,20,21,
Line9=38,9,7,12,13,5,14,0,8,6,16,1,20,21,
Line10=39,9,7,12,13,5,14,0,8,6,16,1,20,21,
Line11=41,12,13,9,8,6,5,14,0,7,16,1,20,21,
Line12=42,12,13,9,8,6,5,14,0,7,16,1,20,21,
Line13=43,12,13,9,8,6,5,14,0,7,16,1,20,21,
Line14=44,12,13,9,8,6,5,14,0,7,16,1,20,21,
Line15=45,12,13,9,8,6,5,14,0,7,16,1,20,21,
Line16=46,12,13,9,8,6,5,14,0,7,16,1,20,21,
Line17=47,12,13,9,8,6,5,14,0,7,16,1,20,21,
Line18=48,12,13,9,8,6,5,14,0,7,16,1,20,21,
Line19=49,12,13,9,8,6,5,14,0,7,16,1,20,21,
Line20=40,12,13,9,8,6,5,14,0,7,16,1,20,21,

[FreeFightStand]
TotalFrameBefore=80
Line1=67,8,6,12,13,14,16,5,1,0,9,7,20,21,
Line2=65,8,6,12,13,14,16,5,1,0,9,7,20,21,
Line3=66,8,6,12,13,14,16,5,1,0,9,7,20,21,
Line4=68,8,6,12,13,14,16,5,1,0,9,7,20,21,
Line5=69,8,6,12,13,14,16,5,1,0,9,7,20,21,
Line6=64,8,6,12,13,14,16,5,1,0,9,7,20,21,
Line7=63,8,6,12,13,14,16,5,1,0,9,7,20,21,
Line8=62,8,6,12,13,14,16,5,1,0,9,7,20,21,
Line9=61,8,6,12,13,14,16,5,1,0,9,7,20,21,
Line10=60,8,6,12,13,14,16,5,1,0,9,7,20,21,
Line11=34,9,7,12,13,5,14,8,6,16,0,1,20,21,
Line12=35,9,7,12,13,5,14,8,6,16,0,1,20,21,
Line13=36,9,7,12,13,5,14,8,6,16,0,1,20,21,
Line14=37,9,7,12,13,5,14,8,6,16,0,1,20,21,
Line15=30,9,7,12,13,5,14,8,6,16,0,1,20,21,
Line16=31,9,7,12,13,5,14,8,6,16,0,1,20,21,
Line17=32,9,7,12,13,5,14,8,6,16,0,1,20,21,
Line18=33,9,7,12,13,5,14,8,6,16,0,1,20,21,
Line19=38,9,7,12,13,5,14,8,6,16,0,1,20,21,
Line20=39,9,7,12,13,5,14,8,6,16,0,1,20,21,
Line21=40,12,13,8,6,5,14,0,7,9,16,1,20,21,
Line22=41,12,13,8,6,5,14,0,7,9,16,1,20,21,
Line23=42,12,13,8,6,5,14,0,7,9,16,1,20,21,
Line24=43,12,13,8,6,5,14,0,7,9,16,1,20,21,
Line25=44,12,13,8,6,5,14,0,7,9,16,1,20,21,
Line26=45,12,13,8,6,5,14,0,7,9,16,1,20,21,
Line27=46,12,13,8,6,5,14,0,7,9,16,1,20,21,
Line28=47,12,13,8,6,5,14,0,7,9,16,1,20,21,
Line29=48,12,13,8,6,5,14,0,7,9,16,1,20,21,
Line30=49,12,13,8,6,5,14,0,7,9,16,1,20,21,
Line31=20,9,7,12,13,14,5,0,6,8,16,1,20,21,
Line32=21,9,7,12,13,14,5,0,6,8,16,1,20,21,
Line33=22,9,7,12,13,14,5,0,6,8,16,1,20,21,
Line34=23,9,7,12,13,14,5,0,6,8,16,1,20,21,
Line35=24,9,7,12,13,14,5,0,6,8,16,1,20,21,
Line36=25,9,7,12,13,14,5,0,6,8,16,1,20,21,
Line37=26,9,7,12,13,14,5,0,6,8,16,1,20,21,
Line38=27,9,7,12,13,14,5,0,6,8,16,1,20,21,
Line39=28,9,7,12,13,14,5,0,6,8,16,1,20,21,
Line40=29,9,7,12,13,14,5,0,6,8,16,1,20,21,

[DoubleWNormalStand]
TotalFrameBefore=80
Line1=30,9,7,12,13,5,14,6,16,1,0,8,20,21,
Line2=31,9,7,12,13,5,14,6,16,1,0,8,20,21,
Line3=32,9,7,12,13,5,14,6,16,1,0,8,20,21,
Line4=33,9,7,12,13,5,14,6,16,1,0,8,20,21,
Line5=34,9,7,12,13,5,14,6,16,1,0,8,20,21,
Line6=35,9,7,12,13,5,14,6,16,1,0,8,20,21,
Line7=36,9,7,12,13,5,14,6,16,1,0,8,20,21,
Line8=37,9,7,12,13,5,14,6,16,1,0,8,20,21,
Line9=38,9,7,12,13,5,14,6,16,1,0,8,20,21,
Line10=39,9,7,12,13,5,14,6,16,1,0,8,20,21,
Line11=0,14,13,1,16,9,7,5,8,6,12,0,20,21,
Line12=1,14,13,1,16,9,7,5,8,6,12,0,20,21,
Line13=2,14,13,1,16,9,7,5,8,6,12,0,20,21,
Line14=3,14,13,1,16,9,7,5,8,6,12,0,20,21,
Line15=4,14,13,1,16,9,7,5,8,6,12,0,20,21,
Line16=5,14,13,1,16,9,7,5,8,6,12,0,20,21,
Line17=6,14,13,1,16,9,7,5,8,6,12,0,20,21,
Line18=7,14,13,1,16,9,7,5,8,6,12,0,20,21,
Line19=8,14,13,1,16,9,7,5,8,6,12,0,20,21,

[DoubleWRun]
TotalFrameBefore=128
Line1=63,9,7,12,13,8,5,6,14,16,1,0,20,21,
Line2=54,9,7,12,13,8,5,6,14,16,1,0,20,21,
Line3=55,9,7,12,13,8,5,6,14,16,1,0,20,21,
Line4=53,9,7,12,13,8,5,6,14,16,1,0,20,21,
Line5=52,9,7,12,13,8,5,6,14,16,1,0,20,21,
Line6=51,9,7,12,13,8,5,6,14,16,1,0,20,21,
Line7=50,9,7,12,13,8,5,6,14,16,1,0,20,21,
Line8=49,9,7,12,13,8,5,6,14,16,1,0,20,21,
Line9=48,9,7,12,13,8,5,6,14,16,1,0,20,21,
Line10=60,9,7,12,13,8,5,6,14,16,1,0,20,21,
Line11=59,9,7,12,13,8,5,6,14,16,1,0,20,21,
Line12=58,9,7,12,13,8,5,6,14,16,1,0,20,21,
Line13=57,9,7,12,13,8,5,6,14,16,1,0,20,21,
Line14=56,9,7,12,13,8,5,6,14,16,1,0,20,21,
Line15=62,9,7,12,13,8,5,6,14,16,1,0,20,21,
Line16=61,9,7,12,13,8,5,6,14,16,1,0,20,21,
Line17=108,6,12,13,14,5,16,1,0,9,7,8,20,21,
Line18=109,6,12,13,14,5,16,1,0,9,7,8,20,21,
Line19=110,6,12,13,14,5,16,1,0,9,7,8,20,21,
Line20=111,6,12,13,14,5,16,1,0,9,7,8,20,21,
Line21=97,6,12,13,14,5,16,1,0,9,7,8,20,21,
Line22=96,6,12,13,14,5,16,1,0,9,7,8,20,21,
Line23=98,6,12,13,14,5,16,1,0,9,7,8,20,21,
Line24=99,6,12,13,14,5,16,1,0,9,7,8,20,21,
Line25=100,6,12,13,14,5,16,1,0,9,7,8,20,21,
Line26=101,6,12,13,14,5,16,1,0,9,7,8,20,21,
Line27=102,6,12,13,14,5,16,1,0,9,7,8,20,21,
Line28=103,6,12,13,14,5,16,1,0,9,7,8,20,21,
Line29=113,14,13,16,1,6,5,12,0,9,7,8,20,21,
Line30=114,14,13,16,1,6,5,12,0,9,7,8,20,21,
Line31=115,14,13,16,1,6,5,12,0,9,7,8,20,21,
Line32=116,14,13,16,1,6,5,12,0,9,7,8,20,21,
Line33=117,14,13,16,1,6,5,12,0,9,7,8,20,21,
Line34=118,14,13,16,1,6,5,12,0,9,7,8,20,21,
Line35=119,14,13,16,1,6,5,12,0,9,7,8,20,21,
Line36=120,14,13,16,1,6,5,12,0,9,7,8,20,21,
Line37=121,14,13,16,1,6,5,12,0,9,7,8,20,21,
Line38=122,14,13,16,1,6,5,12,0,9,7,8,20,21,
Line39=123,14,13,16,1,6,5,12,0,9,7,8,20,21,
Line40=124,14,13,16,1,6,5,12,0,9,7,8,20,21,
Line41=125,14,13,16,1,6,5,12,0,9,7,8,20,21,
Line42=126,14,13,16,1,6,5,12,0,9,7,8,20,21,
Line43=127,14,13,16,1,6,5,12,0,9,7,8,20,21,
Line44=112,14,13,16,1,6,5,12,0,9,7,8,20,21,

[DoubleWWound]
TotalFrameBefore=64
Line1=21,9,7,12,13,14,5,8,6,16,1,0,20,21,
Line2=16,9,7,12,13,14,5,8,6,16,1,0,20,21,
Line3=17,9,7,12,13,14,5,8,6,16,1,0,20,21,
Line4=18,9,7,12,13,14,5,8,6,16,1,0,20,21,
Line5=19,9,7,12,13,14,5,8,6,16,1,0,20,21,
Line6=20,9,7,12,13,14,5,8,6,16,1,0,20,21,
Line7=22,9,7,12,13,14,5,8,6,16,1,0,20,21,
Line8=23,9,7,12,13,14,5,8,6,16,1,0,20,21,
Line9=24,9,7,12,13,5,8,6,14,16,1,0,20,21,
Line10=25,9,7,12,13,5,8,6,14,16,1,0,20,21,
Line11=26,9,7,12,13,5,8,6,14,16,1,0,20,21,
Line12=27,9,7,12,13,5,8,6,14,16,1,0,20,21,
Line13=28,9,7,12,13,5,8,6,14,16,1,0,20,21,
Line14=29,9,7,12,13,5,8,6,14,16,1,0,20,21,
Line15=30,9,7,12,13,5,8,6,14,16,1,0,20,21,
Line16=31,9,7,12,13,5,8,6,14,16,1,0,20,21,
Line17=48,8,6,12,13,14,16,1,5,0,9,7,20,21,
Line18=49,8,6,12,13,14,16,1,5,0,9,7,20,21,
Line19=50,8,6,12,13,14,16,1,5,0,9,7,20,21,
Line20=51,8,6,12,13,14,16,1,5,0,9,7,20,21,
Line21=52,8,6,12,13,14,16,1,5,0,9,7,20,21,
Line22=53,8,6,12,13,14,16,1,5,0,9,7,20,21,
Line23=54,8,6,12,13,14,16,1,5,0,9,7,20,21,
Line24=55,8,6,12,13,14,16,1,5,0,9,7,20,21,

[DoubleWDie]
TotalFrameBefore=104
Dir1=-1,14,13,1,16,9,7,5,6,12,8,0,
Dir2=-1,14,13,9,7,16,5,1,0,12,8,6,
Dir3=-1,9,7,8,6,12,13,14,5,16,1,0,
Dir4=-1,9,7,8,12,13,5,14,16,1,0,6,
Dir5=-1,12,13,8,6,5,14,16,1,0,7,9,
Dir6=-1,8,6,12,13,5,14,16,1,0,9,7,
Dir7=-1,8,6,12,13,14,5,16,1,0,9,7,
Dir8=-1,14,13,16,1,8,6,5,12,0,9,7,
Line1=10,8,6,14,13,9,7,5,12,0,16,1,
Line2=11,14,13,8,6,9,7,5,12,0,16,1,
Line3=12,14,13,8,6,9,7,5,12,0,16,1,
Line4=47,9,7,8,12,13,6,5,14,16,1,0,
Line5=48,9,7,8,12,13,6,5,14,16,1,0,
Line6=49,9,7,8,12,13,6,5,14,16,1,0,
Line7=50,9,7,8,12,13,6,5,14,16,1,0,
Line8=51,9,7,8,12,13,6,5,14,16,1,0,
Line9=39,9,7,8,12,13,6,5,14,16,1,0,
Line10=40,9,7,8,12,13,6,5,14,16,1,0,
Line11=41,9,7,8,12,13,5,6,14,16,1,0,
Line12=42,9,7,8,12,13,5,6,14,16,1,0,
Line13=43,9,7,8,12,13,5,6,14,16,1,0,
Line14=44,9,7,8,12,13,5,6,14,16,1,0,
Line15=45,9,7,8,12,13,5,6,14,16,1,0,
Line16=20,14,13,8,6,9,7,5,12,0,16,1,
Line17=19,14,13,8,6,9,7,5,12,0,16,1,
Line18=21,14,13,8,6,9,7,5,12,0,16,1,
Line19=22,14,13,8,6,9,7,5,12,0,16,1,
Line20=23,14,13,8,6,9,7,5,12,0,16,1,
Line21=24,14,13,8,6,9,7,5,12,0,16,1,
Line22=25,14,13,8,6,9,7,5,12,0,16,1,
Line23=8,14,13,9,7,5,6,12,8,0,1,16,
Line24=9,14,13,9,7,5,6,12,8,0,16,1,

[DoubleWSpecialStand]
TotalFrameBefore=80

[DoubleWFightStand]
TotalFrameBefore=80
Line1=20,9,7,12,13,14,5,6,8,0,16,1,20,21,
Line2=21,9,7,12,13,14,5,6,8,0,16,1,20,21,
Line3=22,9,7,12,13,14,5,0,6,8,16,1,20,21,
Line4=23,9,7,12,13,14,5,0,6,8,16,1,20,21,
Line5=24,9,7,12,13,14,5,0,6,8,16,1,20,21,
Line6=25,9,7,12,13,14,5,0,6,8,16,1,20,21,
Line7=26,9,7,12,13,14,5,0,6,8,16,1,20,21,
Line8=27,9,7,12,13,14,5,0,6,8,16,1,20,21,
Line9=28,9,7,12,13,14,5,0,6,8,16,1,20,21,
Line10=29,9,7,12,13,14,5,0,6,8,16,1,20,21,
Line11=60,8,6,12,13,14,16,1,5,0,9,7,20,21,
Line12=61,8,6,12,13,14,16,1,5,0,9,7,20,21,
Line13=62,8,6,12,13,14,16,1,5,0,9,7,20,21,
Line14=63,8,6,12,13,14,16,1,5,0,9,7,20,21,
Line15=64,8,6,12,13,14,16,1,5,0,9,7,20,21,
Line16=65,8,6,12,13,14,16,1,5,0,9,7,20,21,
Line17=66,8,6,12,13,14,16,1,5,0,9,7,20,21,
Line18=67,8,6,12,13,14,16,1,5,0,9,7,20,21,
Line19=68,8,6,12,13,14,16,1,5,0,9,7,20,21,
Line20=69,8,6,12,13,14,16,1,5,0,9,7,20,21,
Line21=30,9,7,12,13,5,14,0,8,6,16,1,20,21,
Line22=31,9,7,12,13,5,14,0,8,6,16,1,20,21,
Line23=32,9,7,12,13,5,14,0,8,6,16,1,20,21,
Line24=33,9,7,12,13,5,14,0,8,6,16,1,20,21,
Line25=34,9,7,12,13,5,14,0,8,6,16,1,20,21,
Line26=35,9,7,12,13,5,14,0,8,6,16,1,20,21,
Line27=36,9,7,12,13,5,14,0,8,6,16,1,20,21,
Line28=37,9,7,12,13,5,14,0,8,6,16,1,20,21,
Line29=38,9,7,12,13,5,14,0,8,6,16,1,20,21,
Line30=39,9,7,12,13,5,14,0,8,6,16,1,20,21,
Line31=40,12,13,8,6,5,14,0,7,9,16,1,20,21,
Line32=41,12,13,8,6,5,14,0,7,9,16,1,20,21,
Line33=42,12,13,8,6,5,14,0,7,9,16,1,20,21,
Line34=43,12,13,8,6,5,14,0,7,9,16,1,20,21,
Line35=44,12,13,8,6,5,14,0,7,9,16,1,20,21,
Line36=45,12,13,8,6,5,14,0,7,9,16,1,20,21,
Line37=46,12,13,8,6,5,14,0,7,9,16,1,20,21,
Line38=47,12,13,8,6,5,14,0,7,9,16,1,20,21,
Line39=48,12,13,8,6,5,14,0,7,9,16,1,20,21,
Line40=49,12,13,8,6,5,14,0,7,9,16,1,20,21,

[DoubleWPull]
TotalFrameBefore=112
Dir1=-1,14,13,1,16,7,5,6,12,8,9,0,20,21,
Dir5=-1,16,1,9,7,0,12,13,8,6,5,14,20,21,
Line1=60,9,7,0,12,13,6,5,14,8,16,1,20,21,
Line2=63,9,6,7,0,12,13,8,5,14,16,1,20,21,
Line3=104,14,13,16,1,5,12,0,8,6,9,7,20,21,
Line4=105,14,13,16,1,6,5,12,0,9,7,8,20,21,
Line5=84,8,6,12,13,14,16,1,5,0,9,7,20,21,
Line6=89,8,6,12,13,14,16,1,5,0,9,7,20,21,
Line7=90,8,6,12,13,14,16,1,5,0,9,7,20,21,
Line8=91,8,6,12,13,14,16,1,5,0,9,7,20,21,
Line9=92,8,6,12,13,14,5,0,9,7,16,1,20,21,
Line10=56,9,7,0,12,13,8,6,5,14,16,1,20,21,
Line11=57,9,7,0,12,13,8,6,5,14,16,1,20,21,
Line12=58,9,7,0,12,13,8,6,5,14,16,1,20,21,
Line13=59,9,7,0,12,13,8,6,5,14,16,1,20,21,
Line14=61,9,7,0,12,13,8,6,5,14,16,1,20,21,
Line15=62,9,7,0,12,13,8,6,5,14,16,1,20,21,
Line16=64,9,7,0,12,13,8,6,5,14,16,1,20,21,
Line17=65,9,7,0,12,13,8,6,5,14,16,1,20,21,
Line18=66,9,7,0,12,13,8,6,5,14,16,1,20,21,
Line19=67,9,7,0,12,13,8,6,5,14,16,1,20,21,
Line20=68,9,7,0,12,13,8,6,5,14,16,1,20,21,
Line21=69,9,7,0,12,13,8,6,5,14,16,1,20,21,
Line22=42,9,7,12,13,8,6,5,14,16,1,0,20,21,
Line23=43,9,7,12,13,5,6,14,16,1,0,8,20,21,
Line24=46,9,7,12,13,5,6,14,16,1,0,8,20,21,
Line25=47,9,7,12,13,8,6,5,14,16,1,0,20,21,
Line26=48,9,7,12,13,8,6,5,14,16,1,0,20,21,
Line27=49,9,7,12,13,8,6,5,14,16,1,0,20,21,
Line28=54,9,7,12,13,5,8,6,14,16,1,0,20,21,
Line29=55,9,7,12,13,5,8,6,14,16,1,0,20,21,
Line30=30,7,12,13,14,5,16,1,0,6,8,9,20,21,
Line31=31,7,12,13,14,5,16,1,0,6,8,9,20,21,
Line32=33,9,7,12,13,14,8,6,5,16,1,0,20,21,
Line33=34,9,7,12,13,14,8,6,5,16,1,0,20,21,
Line34=35,9,7,12,13,14,8,6,5,16,1,0,20,21,
Line35=24,14,13,7,9,16,1,5,12,6,8,0,20,21,
Line36=25,14,13,7,9,16,1,5,12,6,8,0,20,21,

[DoubleWMagic]
TotalFrameBefore=88
Dir5=-1,12,13,9,7,8,6,5,14,16,1,0,20,21,
Dir8=-1,14,13,16,1,6,5,12,0,8,9,7,20,21,
Line1=68,6,12,8,13,14,16,1,5,0,9,7,20,21,
Line2=69,6,12,13,14,16,1,5,0,7,8,9,20,21,
Line3=22,9,7,12,13,14,5,0,6,8,16,1,20,21,
Line4=23,9,7,12,13,14,5,0,6,8,16,1,20,21,
Line5=24,9,7,12,13,14,5,0,6,8,16,1,20,21,
Line6=25,9,7,12,13,14,5,0,6,8,16,1,20,21,
Line7=34,9,7,12,13,8,6,5,14,16,1,0,20,21,
Line8=35,9,7,12,13,8,6,5,14,16,1,0,20,21,
Line9=36,9,7,12,13,8,6,5,14,16,1,0,20,21,
Line10=37,9,7,12,13,8,6,5,14,16,1,0,20,21,
Line11=60,8,6,12,13,5,14,0,9,7,16,1,20,21,
Line12=61,8,6,12,13,5,14,0,9,7,16,1,20,21,
Line13=62,8,6,12,13,5,14,0,9,7,16,1,20,21,
Line14=63,8,6,12,13,5,14,0,9,7,16,1,20,21,
Line15=66,8,6,12,13,14,16,1,5,0,9,7,20,21,
Line16=67,8,6,12,13,14,16,1,5,0,9,7,20,21,
Line17=70,8,6,12,13,14,16,1,5,0,7,9,20,21,
Line18=82,14,13,16,8,6,5,12,1,0,9,7,20,21,
Line19=83,14,13,8,6,5,16,1,12,0,9,7,20,21,
Line20=84,14,13,8,6,5,16,1,12,0,9,7,20,21,
Line21=85,14,13,1,8,6,5,16,12,0,9,7,20,21,
Line22=86,14,13,1,8,6,16,5,12,0,9,7,20,21,

[DoubleWPound]
TotalFrameBefore=88
Dir1=-1,14,13,1,16,7,5,6,12,8,9,0,20,21,
Dir5=-1,12,13,9,7,8,6,5,14,16,1,0,20,21,
Line1=78,14,13,16,1,6,5,12,0,8,9,7,20,21,
Line2=79,14,13,16,1,6,5,12,0,8,9,7,20,21,
Line3=80,14,13,16,1,5,12,6,0,8,9,7,20,21,
Line4=81,14,13,16,1,6,5,12,0,8,9,7,20,21,
Line5=33,9,7,12,13,5,8,6,14,16,1,0,20,21,
Line6=34,9,7,12,13,5,8,6,14,16,1,0,20,21,
Line7=35,9,7,12,13,5,8,6,14,16,1,0,20,21,
Line8=36,9,7,12,13,5,8,6,14,16,1,0,20,21,
Line9=37,9,7,12,13,5,8,6,14,16,1,0,20,21,
Line10=43,9,7,12,13,5,8,6,14,16,1,0,20,21,
Line11=66,8,6,12,13,14,16,1,5,0,9,7,20,21,
Line12=67,8,6,12,13,14,16,1,5,0,9,7,20,21,
Line13=68,8,6,12,13,14,16,1,5,0,9,7,20,21,
Line14=69,8,6,12,13,14,16,1,5,0,9,7,20,21,
Line15=70,8,6,12,13,14,16,1,5,0,9,7,20,21,
Line16=71,8,6,12,13,14,16,1,5,0,9,7,20,21,

[RideRun]
TotalFrameBefore=80
Dir4=-1,9,7,12,8,13,5,14,16,1,0,6,20,21,
Dir6=-1,6,12,8,13,5,14,16,1,0,9,7,20,21,
Dir7=-1,13,6,8,5,12,20,16,1,0,14,7,9,21,
Dir8=-1,14,13,16,1,6,5,8,12,0,9,7,20,21,
Line1=33,9,7,12,8,13,14,5,0,6,16,1,20,21,
Line2=34,9,7,12,8,13,14,5,0,6,16,1,20,21,
Line3=35,9,7,12,8,13,14,5,0,6,16,1,20,21,
Line4=36,9,7,12,8,13,14,5,0,6,16,1,20,21,
Line5=37,9,7,12,8,13,14,5,0,6,16,1,20,21,
Line6=38,9,7,12,8,13,14,5,0,6,16,1,20,21,
Line7=39,9,7,12,8,13,14,5,0,6,16,1,20,21,
Line8=32,9,7,12,8,13,14,5,0,6,16,1,20,21,
Line9=30,9,7,12,8,13,14,5,0,6,16,1,20,21,
Line10=31,9,7,12,8,13,14,5,0,6,16,1,20,21,
Line11=46,12,13,8,6,14,5,0,7,9,16,1,20,21,
Line12=47,12,13,8,6,14,5,0,7,9,16,1,20,21,
Line13=48,12,13,8,6,14,5,0,7,9,16,1,20,21,
Line14=49,12,13,8,6,14,5,0,7,9,16,1,20,21,
Line15=44,12,13,8,6,14,5,0,7,9,16,1,20,21,
Line16=45,12,13,8,6,14,5,0,7,9,16,1,20,21,
Line17=43,12,13,8,6,14,5,0,7,9,16,1,20,21,
Line18=42,12,13,8,6,14,5,0,7,9,16,1,20,21,
Line19=41,12,13,8,6,14,5,0,7,9,16,1,20,21,
Line20=40,12,13,8,6,14,5,0,7,9,16,1,20,21,
Line21=56,6,12,8,13,14,5,16,1,0,9,7,20,21,
Line22=57,6,12,8,13,14,5,16,1,0,9,7,20,21,
Line23=58,6,12,8,13,14,5,16,1,0,9,7,20,21,
Line24=59,6,12,8,13,14,5,16,1,0,9,7,20,21,
Line25=51,6,12,8,13,14,5,16,1,0,9,7,20,21,
Line26=55,6,12,8,13,14,5,16,1,0,9,7,20,21,
Line27=54,6,12,8,13,14,5,16,1,0,9,7,20,21,
Line28=53,6,12,8,13,14,5,16,1,0,9,7,20,21,
Line29=52,6,12,8,13,14,5,16,1,0,9,7,20,21,
Line30=50,6,12,8,13,14,5,16,1,0,9,7,20,21,
Line31=20,9,7,12,13,14,5,0,6,8,16,1,20,21,
Line32=21,9,7,12,13,14,5,0,6,8,16,1,20,21,
Line33=22,9,7,12,13,14,5,0,6,8,16,1,20,21,
Line34=23,9,7,12,13,14,5,0,6,8,16,1,20,21,
Line35=24,9,7,12,13,14,5,0,6,8,16,1,20,21,
Line36=25,9,7,12,13,14,5,0,6,8,16,1,20,21,
Line37=26,9,7,12,13,14,5,0,6,8,16,1,20,21,
Line38=27,9,7,12,13,14,5,0,6,8,16,1,20,21,
Line39=28,9,7,12,13,14,5,0,6,8,16,1,20,21,
Line40=29,9,7,12,13,14,5,0,6,8,16,1,20,21,

[RideCut]
TotalFrameBefore=112
Dir1=-1,14,13,1,16,7,5,6,12,8,0,9,20,21,
Dir5=-1,12,13,8,6,5,14,9,16,1,0,7,20,21,
Line1=76,8,6,12,13,14,5,16,1,0,9,7,20,21,
Line2=77,8,6,12,13,14,5,16,1,0,9,7,20,21,
Line3=78,8,6,12,13,14,5,16,1,0,9,7,20,21,
Line4=79,8,6,12,13,14,5,16,1,0,9,7,20,21,
Line5=80,8,6,12,13,14,5,16,1,0,9,7,20,21,
Line6=81,8,6,12,13,14,5,16,1,0,9,7,20,21,
Line7=82,8,6,12,13,14,5,16,1,0,9,7,20,21,
Line8=83,8,6,12,13,14,5,16,1,0,9,7,20,21,
Line9=75,8,6,12,13,14,5,16,1,0,9,7,20,21,
Line10=72,8,6,12,13,14,5,16,1,0,9,7,20,21,
Line11=73,8,6,12,13,14,5,16,1,0,9,7,20,21,
Line12=74,8,6,12,13,14,5,16,1,0,9,7,20,21,
Line13=71,8,6,12,13,14,5,16,1,0,9,7,20,21,
Line14=60,12,13,8,6,14,5,9,16,1,0,7,20,21,
Line15=61,12,13,8,6,14,5,9,16,1,0,7,20,21,
Line16=62,12,13,8,6,14,5,9,16,1,0,7,20,21,
Line17=63,12,13,8,6,14,5,9,16,1,0,7,20,21,
Line18=64,12,13,8,6,14,5,9,16,1,0,7,20,21,
Line19=65,12,13,8,6,14,5,9,16,1,0,7,20,21,
Line20=66,12,13,8,6,14,5,9,16,1,0,7,20,21,
Line21=67,12,13,8,6,14,5,9,16,1,0,7,20,21,
Line22=68,12,13,8,6,14,5,9,16,1,0,7,20,21,
Line23=69,12,13,8,6,14,5,9,16,1,0,7,20,21,
Line24=59,12,13,8,6,14,5,9,16,1,0,7,20,21,
Line25=58,12,13,8,6,14,5,9,16,1,0,7,20,21,
Line26=57,12,13,8,6,14,5,9,16,1,0,7,20,21,
Line27=56,12,13,8,6,14,5,9,16,1,0,7,20,21,
Line28=44,9,7,12,13,14,5,16,1,0,8,6,20,21,
Line29=45,9,7,12,13,14,5,16,1,0,8,6,20,21,
Line30=46,9,7,12,13,14,5,16,1,0,8,6,20,21,
Line31=47,9,7,12,13,14,5,16,1,0,8,6,20,21,
Line32=48,9,7,12,13,14,5,16,1,0,8,6,20,21,
Line33=49,9,7,12,13,14,5,16,1,0,8,6,20,21,
Line34=50,9,7,12,13,14,5,16,1,0,8,6,20,21,
Line35=51,9,7,12,13,14,5,16,1,0,8,6,20,21,
Line36=52,9,7,12,13,14,5,16,1,0,8,6,20,21,
Line37=53,9,7,12,13,14,5,16,1,0,8,6,20,21,
Line38=54,9,7,12,13,14,5,16,1,0,8,6,20,21,
Line39=55,9,7,12,13,14,5,16,1,0,8,6,20,21,
Line40=43,9,7,12,13,14,5,16,1,0,8,6,20,21,
Line41=42,9,7,12,13,14,5,16,1,0,8,6,20,21,

[RideMagic]
TotalFrameBefore=96
Dir1=-1,14,13,1,16,7,5,6,9,12,8,0,20,21,
Line1=51,12,13,8,6,7,14,5,16,1,0,9,20,21,
Line2=66,8,6,12,13,14,5,16,1,0,9,7,20,21,
Line3=67,8,6,12,13,14,5,16,1,0,9,7,20,21,
Line4=68,8,6,12,13,14,5,16,1,0,9,7,20,21,
Line5=69,8,6,12,13,14,5,16,1,0,9,7,20,21,
Line6=70,8,6,12,13,14,5,16,1,0,9,7,20,21,
Line7=71,8,6,12,13,14,5,16,1,0,9,7,20,21,
Line8=65,8,6,12,13,14,5,16,1,0,9,7,20,21,
Line9=64,8,6,12,13,14,5,16,1,0,9,7,20,21,
Line10=63,8,6,12,13,14,5,16,1,0,9,7,20,21,
Line11=62,8,6,12,13,14,5,16,1,0,9,7,20,21,
Line12=61,8,6,12,13,14,5,16,1,0,9,7,20,21,
Line13=60,8,6,12,13,14,5,16,1,0,9,7,20,21,
Line14=53,12,13,8,6,14,5,16,1,0,7,9,20,21,
Line15=54,12,13,8,6,14,5,16,1,0,7,9,20,21,
Line16=55,12,13,8,6,14,5,16,1,0,7,9,20,21,
Line17=56,12,13,8,6,14,5,16,1,0,7,9,20,21,
Line18=57,12,13,8,6,14,5,16,1,0,7,9,20,21,
Line19=58,12,13,8,6,14,5,16,1,0,7,9,20,21,
Line20=59,12,13,8,6,14,5,16,1,0,7,9,20,21,
Line21=52,12,13,8,6,14,5,16,1,0,7,9,20,21,
Line22=50,12,13,8,6,14,5,16,1,0,7,9,20,21,
Line23=49,12,13,8,6,14,5,16,1,0,7,9,20,21,
Line24=48,12,13,8,6,14,5,16,1,0,7,9,20,21,
Line25=38,9,7,12,13,14,5,16,1,0,8,6,20,21,
Line26=39,9,7,12,13,14,5,16,1,0,8,6,20,21,
Line27=40,9,7,12,13,14,5,16,1,0,8,6,20,21,
Line28=41,9,7,12,13,14,5,0,8,6,16,1,20,21,
Line29=42,9,7,12,13,14,5,0,8,6,16,1,20,21,
Line30=43,9,7,12,13,14,5,0,8,6,16,1,20,21,
Line31=44,9,7,12,13,14,5,0,8,6,16,1,20,21,
Line32=45,9,7,12,13,14,5,0,8,6,16,1,20,21,
Line33=46,9,7,12,13,14,5,0,8,6,16,1,20,21,
Line34=47,9,7,12,13,14,5,0,8,6,16,1,20,21,
Line35=37,9,7,12,13,14,5,16,1,0,8,6,20,21,
Line36=36,9,7,12,13,14,5,0,8,6,16,1,20,21,
Line37=26,9,7,12,13,14,16,5,1,0,6,8,20,21,
Line38=27,9,7,12,13,14,16,5,1,0,6,8,20,21,
Line39=28,9,7,12,13,14,16,5,1,0,6,8,20,21,

[RideFightStand]
TotalFrameBefore=96
Dir1=-1,14,13,1,16,7,5,6,12,9,8,0,20,21,
Line1=61,8,6,12,13,14,5,0,9,7,16,1,20,21,
Line2=62,8,6,12,13,14,5,0,9,7,16,1,20,21,
Line3=63,8,6,12,13,14,5,0,9,7,16,1,20,21,
Line4=64,8,6,12,13,14,5,0,9,7,16,1,20,21,
Line5=65,8,6,12,13,14,5,0,9,7,16,1,20,21,
Line6=66,8,6,12,13,14,5,0,9,7,16,1,20,21,
Line7=67,8,6,12,13,14,5,0,9,7,16,1,20,21,
Line8=68,8,6,12,13,14,5,0,9,7,16,1,20,21,
Line9=69,8,6,12,13,14,5,0,9,7,16,1,20,21,
Line10=70,8,6,12,13,14,5,0,9,7,16,1,20,21,
Line11=71,8,6,12,13,14,5,0,9,7,16,1,20,21,
Line12=60,8,6,12,13,14,5,0,9,7,16,1,20,21,
Line13=51,12,13,8,6,14,5,0,7,9,16,1,20,21,
Line14=52,12,13,8,6,14,5,0,7,9,16,1,20,21,
Line15=53,12,13,8,6,14,5,0,7,9,16,1,20,21,
Line16=54,12,13,8,6,14,5,0,7,9,16,1,20,21,
Line17=55,12,13,8,6,14,5,0,7,9,16,1,20,21,
Line18=56,12,13,8,6,14,5,0,7,9,16,1,20,21,
Line19=57,12,13,8,6,14,5,0,7,9,16,1,20,21,
Line20=58,12,13,8,6,14,5,0,7,9,16,1,20,21,
Line21=59,12,13,8,6,14,5,0,7,9,16,1,20,21,
Line22=50,12,13,8,6,14,5,0,7,9,16,1,20,21,
Line23=49,12,13,8,6,14,5,0,7,9,16,1,20,21,
Line24=48,12,13,8,6,14,5,0,7,9,16,1,20,21,
Line25=37,9,7,12,13,14,5,0,8,6,16,1,20,21,
Line26=38,9,7,12,13,14,5,0,8,6,16,1,20,21,
Line27=39,9,7,12,13,14,5,0,8,6,16,1,20,21,
Line28=40,9,7,12,13,14,5,0,8,6,16,1,20,21,
Line29=41,9,7,12,13,14,5,0,8,6,16,1,20,21,
Line30=45,9,7,12,13,14,5,0,8,6,16,1,20,21,
Line31=46,9,7,12,13,14,5,0,8,6,16,1,20,21,
Line32=47,9,7,12,13,14,5,0,8,6,16,1,20,21,
Line33=36,9,7,12,13,14,5,0,8,6,16,1,20,21,
Line34=43,9,7,12,13,14,5,0,8,6,16,1,20,21,
Line35=42,9,7,12,13,14,5,0,8,6,16,1,20,21,
Line36=44,9,7,12,13,14,5,0,8,6,16,1,20,21,

[RideNormalStand]
TotalFrameBefore=96
Line1=41,9,7,12,13,14,5,0,8,6,16,1,20,21,
Line2=40,9,7,12,13,14,5,0,8,6,16,1,20,21,
Line3=39,9,7,12,13,14,5,0,8,6,16,1,20,21,
Line4=38,9,7,12,13,14,5,0,8,6,16,1,20,21,
Line5=37,9,7,12,13,14,5,0,8,6,16,1,20,21,
Line6=36,9,7,12,13,14,5,0,8,6,16,1,20,21,
Line7=42,9,7,12,13,14,5,0,8,6,16,1,20,21,
Line8=43,9,7,12,13,14,5,0,8,6,16,1,20,21,
Line9=44,9,7,12,13,14,5,0,8,6,16,1,20,21,
Line10=45,9,7,12,13,14,5,0,8,6,16,1,20,21,
Line11=46,9,7,12,13,14,5,0,8,6,16,1,20,21,
Line12=47,9,7,12,13,14,5,0,8,6,16,1,20,21,
Line13=57,12,13,8,6,14,5,0,7,9,16,1,20,21,
Line14=58,12,13,8,6,14,5,0,7,9,16,1,20,21,
Line15=59,12,13,8,6,14,5,0,7,9,16,1,20,21,
Line16=56,12,13,8,6,14,5,0,7,9,16,1,20,21,
Line17=55,12,13,8,6,14,5,0,7,9,16,1,20,21,
Line18=51,12,13,8,6,14,5,0,7,9,16,1,20,21,
Line19=52,12,13,8,6,14,5,0,7,9,16,1,20,21,
Line20=53,12,13,8,6,14,5,0,7,9,16,1,20,21,
Line21=54,12,13,8,6,14,5,0,7,9,16,1,20,21,
Line22=48,12,13,8,6,14,5,0,7,9,16,1,20,21,
Line23=50,12,13,8,6,14,5,0,7,9,16,1,20,21,
Line24=49,12,13,8,6,14,5,0,7,9,16,1,20,21,
Line25=62,8,6,12,13,14,5,0,9,7,16,1,20,21,
Line26=63,8,6,12,13,14,5,0,9,7,16,1,20,21,
Line27=64,8,6,12,13,14,5,0,9,7,16,1,20,21,
Line28=65,8,6,12,13,14,5,0,9,7,16,1,20,21,
Line29=66,8,6,12,13,14,5,0,9,7,16,1,20,21,
Line30=67,8,6,12,13,14,5,0,9,7,16,1,20,21,
Line31=68,8,6,12,13,14,5,0,9,7,16,1,20,21,
Line32=69,8,6,12,13,14,5,0,9,7,16,1,20,21,
Line33=70,8,6,12,13,14,5,0,9,7,16,1,20,21,
Line34=71,8,6,12,13,14,5,0,9,7,16,1,20,21,
Line35=61,8,6,12,13,14,5,0,9,7,16,1,20,21,
Line36=60,8,6,12,13,14,5,0,9,7,16,1,20,21,
Line37=9,14,13,1,16,7,5,6,12,9,8,0,20,21,
Line38=10,14,13,1,16,7,5,6,12,9,8,0,20,21,
Line39=11,14,13,1,16,7,5,6,12,9,8,0,20,21,
Line40=8,14,13,1,16,7,5,6,12,9,8,0,20,21,
Line41=7,14,13,1,16,7,5,6,12,9,8,0,20,21,
Line42=6,14,13,1,16,7,5,6,12,9,8,0,20,21,
Line43=5,14,13,1,16,7,5,6,12,9,8,0,20,21,
Line44=4,14,13,1,16,7,5,6,12,9,8,0,20,21,
Line45=3,14,13,1,16,7,5,6,12,9,8,0,20,21,
Line46=2,14,13,1,16,7,5,6,12,9,8,0,20,21,
Line47=1,14,13,1,16,7,5,6,12,9,8,0,20,21,
Line48=0,14,13,1,16,7,5,6,12,9,8,0,20,21,

[RideWalk]
TotalFrameBefore=96
Dir1=-1,14,13,1,16,7,5,9,6,12,8,0,20,21,
Line1=68,8,6,12,13,14,5,0,9,7,16,1,20,21,
Line2=69,8,6,12,13,14,5,0,9,7,16,1,20,21,
Line3=70,8,6,12,13,14,5,0,9,7,16,1,20,21,
Line4=71,8,6,12,13,14,5,0,9,7,16,1,20,21,
Line5=67,8,6,12,13,14,5,0,9,7,16,1,20,21,
Line6=66,8,6,12,13,14,5,0,9,7,16,1,20,21,
Line7=65,8,6,12,13,14,5,0,9,7,16,1,20,21,
Line8=64,8,6,12,13,14,5,0,9,7,16,1,20,21,
Line9=63,8,6,12,13,14,5,0,9,7,16,1,20,21,
Line10=62,8,6,12,13,14,5,0,9,7,16,1,20,21,
Line11=61,8,6,12,13,14,5,0,9,7,16,1,20,21,
Line12=60,8,6,12,13,14,5,0,9,7,16,1,20,21,
Line13=48,12,13,8,6,14,5,0,7,9,16,1,20,21,
Line14=49,12,13,8,6,14,5,0,7,9,16,1,20,21,
Line15=50,12,13,8,6,14,5,0,7,9,16,1,20,21,
Line16=51,12,13,8,6,14,5,0,7,9,16,1,20,21,
Line17=52,12,13,8,6,14,5,0,7,9,16,1,20,21,
Line18=53,12,13,8,6,14,5,0,7,9,16,1,20,21,
Line19=54,12,13,8,6,14,5,0,7,9,16,1,20,21,
Line20=55,12,13,8,6,14,5,0,7,9,16,1,20,21,
Line21=56,12,13,8,6,14,5,0,7,9,16,1,20,21,
Line22=57,12,13,8,6,14,5,0,7,9,16,1,20,21,
Line23=58,12,13,8,6,14,5,0,7,9,16,1,20,21,
Line24=59,12,13,8,6,14,5,0,7,9,16,1,20,21,
Line25=43,9,7,12,13,14,5,0,8,6,16,1,20,21,
Line26=44,9,7,12,13,14,5,0,8,6,16,1,20,21,
Line27=45,9,7,12,13,14,5,0,8,6,16,1,20,21,
Line28=46,9,7,12,13,14,5,0,8,6,16,1,20,21,
Line29=47,9,7,12,13,14,5,0,8,6,16,1,20,21,
Line30=42,9,7,12,13,14,5,0,8,6,16,1,20,21,
Line31=38,9,7,12,13,14,5,0,8,6,16,1,20,21,
Line32=37,9,7,12,13,14,5,0,8,6,16,1,20,21,
Line33=36,9,7,12,13,14,5,0,8,6,16,1,20,21,
Line34=41,9,7,12,13,14,5,0,8,6,16,1,20,21,
Line35=40,9,7,12,13,14,5,0,8,6,16,1,20,21,
Line36=39,9,7,12,13,14,5,0,8,6,16,1,20,21,

[RideSepcialStand]
TotalFrameBefore=96
Line1=67,8,6,12,13,14,5,0,9,7,16,1,20,21,
Line2=68,8,6,12,13,14,5,0,9,7,16,1,20,21,
Line3=69,8,6,12,13,14,5,0,9,7,16,1,20,21,
Line4=70,8,6,12,13,14,5,0,9,7,16,1,20,21,
Line5=71,8,6,12,13,14,5,0,9,7,16,1,20,21,
Line6=63,8,6,12,13,14,5,0,9,7,16,1,20,21,
Line7=64,8,6,12,13,14,5,0,9,7,16,1,20,21,
Line8=62,8,6,12,13,14,5,0,9,7,16,1,20,21,
Line9=61,8,6,12,13,14,5,0,9,7,16,1,20,21,
Line10=60,8,6,12,13,14,5,0,9,7,16,1,20,21,
Line11=66,8,6,12,13,14,5,0,9,7,16,1,20,21,
Line12=65,8,6,12,13,14,5,0,9,7,16,1,20,21,
Line13=4,14,13,1,16,7,5,6,12,9,8,0,20,21,
Line14=3,14,13,1,16,7,5,6,12,9,8,0,20,21,
Line15=5,14,13,1,16,7,5,6,12,9,8,0,20,21,
Line16=6,14,13,1,16,7,5,6,12,9,8,0,20,21,
Line17=7,14,13,1,16,7,5,6,12,9,8,0,20,21,
Line18=8,14,13,1,16,7,5,6,12,9,8,0,20,21,
Line19=9,14,13,1,16,7,5,6,12,9,8,0,20,21,
Line20=10,14,13,1,16,7,5,6,12,9,8,0,20,21,
Line21=11,14,13,1,16,7,5,6,12,9,8,0,20,21,
Line22=2,14,13,1,16,7,5,6,12,9,8,0,20,21,
Line23=1,14,13,1,16,7,5,6,12,9,8,0,20,21,
Line24=0,14,13,1,16,7,5,6,12,9,8,0,20,21,
Line25=36,9,7,12,13,5,14,0,8,6,16,1,20,21,
Line26=37,9,7,12,13,5,14,0,8,6,16,1,20,21,
Line27=38,9,7,12,13,5,14,0,8,6,16,1,20,21,
Line28=39,9,7,12,13,5,14,0,8,6,16,1,20,21,
Line29=40,9,7,12,13,5,14,0,8,6,16,1,20,21,
Line30=41,9,7,12,13,5,14,0,8,6,16,1,20,21,
Line31=42,9,7,12,13,5,14,0,8,6,16,1,20,21,
Line32=43,9,7,12,13,5,14,0,8,6,16,1,20,21,
Line33=44,9,7,12,13,5,14,0,8,6,16,1,20,21,
Line34=45,9,7,12,13,5,14,0,8,6,16,1,20,21,
Line35=46,9,7,12,13,5,14,0,8,6,16,1,20,21,
Line36=47,9,7,12,13,5,14,0,8,6,16,1,20,21,
Line37=48,12,13,8,6,5,14,0,7,9,16,1,20,21,
Line38=49,12,13,8,6,5,14,0,7,9,16,1,20,21,
Line39=50,12,13,8,6,5,14,0,7,9,16,1,20,21,
Line40=51,12,13,8,6,5,14,0,7,9,16,1,20,21,
Line41=52,12,13,8,6,5,14,0,7,9,16,1,20,21,
Line42=53,12,13,8,6,5,14,0,7,9,16,1,20,21,
Line43=54,12,13,8,6,5,14,0,7,9,16,1,20,21,
Line44=55,12,13,8,6,5,14,0,7,9,16,1,20,21,
Line45=56,12,13,8,6,5,14,0,7,9,16,1,20,21,
Line46=57,12,13,8,6,5,14,0,7,9,16,1,20,21,
Line47=58,12,13,8,6,5,14,0,7,9,16,1,20,21,
Line48=59,12,13,8,6,5,14,0,7,9,16,1,20,21,

[RideWound]
TotalFrameBefore=48
Line1=30,8,6,12,13,14,5,16,1,0,9,7,20,21,
Line2=31,8,6,12,13,14,5,16,1,0,9,7,20,21,
Line3=32,8,6,12,13,14,5,16,1,0,9,7,20,21,
Line4=33,8,6,12,13,14,5,16,1,0,9,7,20,21,
Line5=34,8,6,12,13,14,5,16,1,0,9,7,20,21,
Line6=35,8,6,12,13,14,5,16,1,0,9,7,20,21,
Line7=28,12,13,8,6,14,5,16,1,0,7,9,20,21,
Line8=29,12,13,8,6,14,5,16,1,0,7,9,20,21,
Line9=27,12,13,8,6,14,5,16,1,0,7,9,20,21,
Line10=26,12,13,8,6,14,5,16,1,0,7,9,20,21,
Line11=25,12,13,8,6,14,5,16,1,0,7,9,20,21,
Line12=24,12,13,8,6,14,5,16,1,0,7,9,20,21,
Line13=18,9,7,12,13,14,5,16,1,0,8,6,20,21,
Line14=19,9,7,12,13,14,5,16,1,0,8,6,20,21,
Line15=20,9,7,12,13,14,5,16,1,0,8,6,20,21,
Line16=21,9,7,12,13,14,5,16,1,0,8,6,20,21,
Line17=22,9,7,12,13,14,5,16,1,0,8,6,20,21,
Line18=23,9,7,12,13,14,5,16,1,0,8,6,20,21,

[RideDie]
TotalFrameBefore=120
Dir1=-1,14,13,1,16,9,7,5,6,12,8,0,
Dir2=-1,14,13,9,7,16,5,1,0,12,6,8,
Dir3=-1,9,7,12,13,14,5,16,1,0,6,8,
Dir4=-1,9,7,12,13,5,14,16,1,0,8,6,
Dir5=-1,12,13,8,6,5,14,16,1,0,7,9,
Dir6=-1,8,6,12,13,5,14,16,1,0,9,7,
Dir7=-1,8,6,12,13,14,5,16,1,0,9,7,
Dir8=-1,14,13,16,1,8,6,5,12,0,9,7,
Line1=51,9,7,12,13,14,5,16,1,0,8,6,
Line2=52,9,7,12,13,14,5,16,1,0,8,6,
Line3=53,9,7,12,13,14,5,16,1,0,8,6,
Line4=54,9,7,12,13,14,5,16,1,0,8,6,
Line5=49,9,7,12,13,14,5,16,1,0,8,6,
Line6=48,9,7,12,13,14,5,16,1,0,8,6,
Line7=47,9,7,12,13,14,5,16,1,0,8,6,
Line8=46,9,7,12,13,14,5,16,1,0,8,6,
Line9=45,9,7,12,13,14,5,16,1,0,8,6,
Line10=56,9,7,12,13,14,5,16,1,0,8,6,
Line11=55,9,7,12,13,14,5,16,1,0,8,6,
Line12=63,12,13,8,6,14,5,16,1,0,7,9,
Line13=62,12,13,8,6,14,5,16,1,0,7,9,
Line14=61,12,13,8,6,14,5,16,1,0,7,9,
Line15=60,12,13,8,6,14,5,16,1,0,7,9,
Line16=66,12,13,8,6,14,5,16,1,0,7,9,
Line17=67,12,13,8,6,14,5,16,1,0,7,9,
Line18=68,12,13,8,6,14,5,16,1,0,7,9,
Line19=69,12,13,8,6,14,5,16,1,0,7,9,
Line20=70,12,13,8,6,14,5,16,1,0,7,9,
Line21=71,12,13,8,6,14,5,16,1,0,7,9,
Line22=72,12,13,8,6,14,5,16,1,0,7,9,
Line23=73,12,13,8,6,14,5,16,1,0,7,9,
Line24=74,12,13,8,6,14,5,16,1,0,7,9,
Line25=75,8,6,12,13,14,5,16,1,0,9,7,
Line26=76,8,6,12,13,14,5,16,1,0,9,7,
Line27=77,8,6,12,13,14,16,5,1,0,9,7,
Line28=78,8,6,12,13,14,5,16,1,0,9,7,
Line29=79,8,6,12,13,14,5,16,1,0,9,7,
Line30=80,8,6,12,13,14,5,16,1,0,9,7,
Line31=81,8,6,12,13,14,5,16,1,0,9,7,
Line32=82,8,6,12,13,14,5,16,1,0,9,7,
Line33=83,8,6,12,13,14,5,16,1,0,9,7,
Line34=84,8,6,12,13,14,5,16,1,0,9,7,
Line35=85,8,6,12,13,14,5,16,1,0,9,7,
Line36=86,8,6,12,13,14,5,16,1,0,9,7,
Line37=88,8,6,12,13,14,5,16,1,0,9,7,
Line38=98,8,6,13,12,14,5,16,1,0,9,7,
Line39=99,8,6,13,12,14,5,16,1,0,9,7,
Line40=100,8,6,13,12,14,5,16,1,0,9,7,
Line41=101,8,6,13,12,14,5,16,1,0,9,7,
Line42=102,8,6,13,12,14,5,16,1,0,9,7,
Line43=103,8,6,13,12,14,5,16,1,0,9,7,
Line44=104,8,6,13,12,14,5,16,1,0,9,7,

[RidePuncture]
TotalFrameBefore=96
Dir1=-1,14,13,1,16,7,5,6,12,9,8,0,20,21,
Line1=47,9,7,12,13,14,5,0,8,6,16,1,20,21,
Line2=46,9,7,12,13,14,5,0,8,6,16,1,20,21,
Line3=45,9,7,12,13,14,5,0,8,6,16,1,20,21,
Line4=44,9,7,12,13,14,5,16,1,0,8,6,20,21,
Line5=43,9,7,12,13,14,5,16,1,0,8,6,20,21,
Line6=42,9,7,12,13,14,5,0,8,6,16,1,20,21,
Line7=41,9,7,12,13,14,5,0,8,6,16,1,20,21,
Line8=40,9,7,12,13,14,5,0,8,6,16,1,20,21,
Line9=39,9,7,12,13,14,5,0,8,6,16,1,20,21,
Line10=38,9,7,12,13,14,5,0,8,6,16,1,20,21,
Line11=37,9,7,12,13,14,5,0,8,6,16,1,20,21,
Line12=36,9,7,12,13,14,5,0,8,6,16,1,20,21,
Line13=59,12,13,8,6,14,5,16,1,0,7,9,20,21,
Line14=58,12,13,8,6,14,5,16,1,0,7,9,20,21,
Line15=57,12,13,8,6,14,5,16,1,0,7,9,20,21,
Line16=56,12,13,8,6,14,5,16,1,0,7,9,20,21,
Line17=55,12,13,8,6,14,5,16,1,0,7,9,20,21,
Line18=54,12,13,8,6,14,5,16,1,0,7,9,20,21,
Line19=53,12,13,8,6,14,5,16,1,0,7,9,20,21,
Line20=52,12,13,8,6,14,5,16,1,0,7,9,20,21,
Line21=51,12,13,8,6,14,5,16,1,0,7,9,20,21,
Line22=50,12,13,8,6,14,5,16,1,0,7,9,20,21,
Line23=49,12,13,8,6,14,5,16,1,0,7,9,20,21,
Line24=48,12,13,8,6,14,5,16,1,0,7,9,20,21,
Line25=65,8,6,12,13,14,5,16,1,0,9,7,20,21,
Line26=66,8,6,12,13,14,5,16,1,0,9,7,20,21,
Line27=67,8,6,12,13,14,5,16,1,0,9,7,20,21,
Line28=68,8,6,12,13,14,5,16,1,0,9,7,20,21,
Line29=69,8,6,12,13,14,5,16,1,0,9,7,20,21,
Line30=70,8,6,12,13,14,5,16,1,0,9,7,20,21,
Line31=71,8,6,12,13,14,5,16,1,0,9,7,20,21,
Line32=64,8,6,12,13,14,5,16,1,0,9,7,20,21,
Line33=63,8,6,12,13,14,5,16,1,0,9,7,20,21,
Line34=62,8,6,12,13,14,5,16,1,0,9,7,20,21,
Line35=61,8,6,12,13,14,5,16,1,0,9,7,20,21,
Line36=60,8,6,12,13,14,5,16,1,0,9,7,20,21,

[SitDown]
TotalFrameBefore=168
Line1=123,8,6,12,13,5,14,0,9,7,16,1,20,21,
Line2=125,8,6,12,13,5,14,0,9,7,16,1,20,21,
Line3=124,8,6,12,13,5,14,0,9,7,16,1,20,21,
Line4=122,8,6,12,13,5,14,0,9,7,16,1,20,21,
Line5=121,8,6,12,13,5,14,0,9,7,16,1,20,21,
Line6=120,8,6,12,13,5,14,0,9,7,16,1,20,21,
Line7=119,8,6,12,13,5,14,0,9,7,16,1,20,21,
Line8=118,8,6,12,13,5,14,0,9,7,16,1,20,21,
Line9=117,8,6,12,13,5,14,0,9,7,16,1,20,21,
Line10=105,8,6,12,13,5,14,0,9,7,16,1,20,21,
Line11=106,8,6,12,13,5,14,0,9,7,16,1,20,21,
Line12=107,8,6,12,13,5,14,0,9,7,16,1,20,21,
Line13=108,8,6,12,13,5,14,0,9,7,16,1,20,21,
Line14=109,8,6,12,13,5,14,0,9,7,16,1,20,21,
Line15=110,8,6,12,13,5,14,0,9,7,16,1,20,21,
Line16=112,8,6,12,13,5,14,0,9,7,16,1,20,21,
Line17=113,8,6,12,13,5,14,9,7,0,16,1,20,21,
Line18=114,8,6,12,13,5,14,0,9,7,16,1,20,21,
Line19=115,8,6,12,13,5,14,0,9,7,16,1,20,21,
Line20=116,8,6,12,13,5,14,0,9,7,16,1,20,21,
Line21=111,8,6,12,13,5,14,0,9,7,16,1,20,21,

[FreeWalk]
TotalFrameBefore=128
Line1=73,12,13,8,6,5,14,9,7,16,0,1,20,21,
Line2=74,12,13,8,6,5,14,9,7,16,0,1,20,21,
Line3=75,12,13,8,6,5,14,9,7,16,0,1,20,21,
Line4=76,12,13,8,6,5,14,9,7,16,0,1,20,21,
Line5=77,12,13,8,6,5,14,9,7,16,0,1,20,21,
Line6=78,12,13,8,6,5,14,9,7,16,0,1,20,21,
Line7=79,12,13,8,6,5,14,9,7,16,0,1,20,21,
Line8=72,12,13,8,6,5,14,9,7,16,0,1,20,21,
Line9=71,12,13,8,6,5,14,9,7,16,0,1,20,21,
Line10=70,12,13,8,6,5,14,9,7,16,0,1,20,21,
Line11=69,12,13,8,6,5,14,9,7,16,0,1,20,21,
Line12=68,12,13,8,6,5,14,9,7,16,0,1,20,21,
Line13=67,12,13,8,6,5,14,9,7,16,0,1,20,21,
Line14=66,12,13,8,6,5,14,9,7,16,0,1,20,21,
Line15=65,12,13,8,6,5,14,7,9,16,0,1,20,21,
Line16=64,12,13,8,6,5,14,7,9,16,0,1,20,21,
Line17=80,8,6,12,13,5,14,0,9,7,16,1,20,21,
Line18=81,8,6,12,13,5,14,0,9,7,16,1,20,21,
Line19=82,8,6,12,13,5,14,0,9,7,16,1,20,21,
Line20=83,8,6,12,13,5,14,0,9,7,16,1,20,21,
Line21=84,8,6,12,13,5,14,0,9,7,16,1,20,21,
Line22=85,8,6,12,13,5,14,0,9,7,16,1,20,21,
Line23=86,8,6,12,13,5,14,0,9,7,16,1,20,21,
Line24=87,8,6,12,13,5,14,0,9,7,16,1,20,21,
Line25=88,8,6,12,13,5,14,0,9,7,16,1,20,21,
Line26=89,8,6,12,13,5,14,0,9,7,16,1,20,21,
Line27=90,8,6,12,13,5,14,0,9,7,16,1,20,21,
Line28=91,8,6,12,13,5,14,0,9,7,16,1,20,21,
Line29=92,8,6,12,13,5,14,0,9,7,16,1,20,21,
Line30=93,8,6,12,13,5,14,0,9,7,16,1,20,21,
Line31=94,8,6,12,13,5,14,0,9,7,16,1,20,21,
Line32=95,8,6,12,13,5,14,0,9,7,16,1,20,21,
Line33=48,9,7,12,13,5,14,0,8,6,16,1,20,21,
Line34=49,9,7,12,13,5,14,0,8,6,16,1,20,21,
Line35=50,9,7,12,13,5,14,0,8,6,16,1,20,21,
Line36=51,9,7,12,13,5,14,0,8,6,16,1,20,21,
Line37=52,9,7,12,13,5,14,0,8,6,16,1,20,21,
Line38=53,9,7,12,13,5,14,0,8,6,16,1,20,21,
Line39=54,9,7,12,13,5,14,0,8,6,16,1,20,21,
Line40=55,9,7,12,13,5,14,0,8,6,16,1,20,21,
Line41=56,9,7,12,13,5,14,0,8,6,16,1,20,21,
Line42=57,9,7,12,13,5,14,0,8,6,16,1,20,21,
Line43=58,9,7,12,13,5,14,0,8,6,16,1,20,21,
Line44=59,9,7,12,13,5,14,0,8,6,16,1,20,21,
Line45=60,9,7,12,13,5,14,0,8,6,16,1,20,21,
Line46=61,9,7,12,13,5,14,0,8,6,16,1,20,21,
Line47=62,9,7,12,13,5,14,0,8,6,16,1,20,21,
Line48=63,9,7,12,13,5,14,0,8,6,16,1,20,21,

[DoubleWWalk]
TotalFrameBefore=128
Dir1=-1,14,13,1,16,7,5,6,12,8,9,0,20,21,
Dir5=-1,12,13,8,9,6,5,14,16,1,0,7,20,21,
Line1=48,9,7,12,13,5,14,6,16,1,0,8,20,21,
Line2=49,9,7,12,13,5,14,6,16,1,0,8,20,21,
Line3=50,9,7,12,13,5,14,6,16,1,0,8,20,21,
Line4=51,9,7,12,13,5,14,6,16,1,0,8,20,21,
Line5=52,9,7,12,13,5,14,6,16,1,0,8,20,21,
Line6=53,9,7,12,13,5,14,6,16,1,0,8,20,21,
Line7=54,9,7,12,13,5,14,6,16,1,0,8,20,21,
Line8=55,9,7,12,13,5,14,6,16,1,0,8,20,21,
Line9=56,9,7,12,13,5,14,6,16,1,0,8,20,21,
Line10=57,9,7,12,13,5,14,6,16,1,0,8,20,21,
Line11=58,9,7,12,13,5,14,6,16,1,0,8,20,21,
Line12=59,9,7,12,13,5,14,6,16,1,0,8,20,21,
Line13=60,9,7,12,13,5,14,6,16,1,0,8,20,21,
Line14=61,9,7,12,13,5,14,6,16,1,0,8,20,21,
Line15=62,9,7,12,13,5,14,6,16,1,0,8,20,21,
Line16=63,9,7,12,13,5,14,6,16,1,0,8,20,21,

[FreeRun]
TotalFrameBefore=128
Line1=9,14,13,1,16,5,9,7,6,12,8,0,20,21,
Line2=8,14,13,1,16,5,9,7,6,12,8,0,20,21,
Line3=79,12,13,8,6,5,14,9,7,16,0,1,20,21,
Line4=78,12,13,8,6,5,14,9,7,16,0,1,20,21,
Line5=77,12,13,8,6,5,14,9,7,16,0,1,20,21,
Line6=76,12,13,8,6,5,14,9,7,16,0,1,20,21,
Line7=75,12,13,8,6,5,14,9,7,16,0,1,20,21,
Line8=74,12,13,8,6,5,14,9,7,16,0,1,20,21,
Line9=73,12,13,8,6,5,14,9,7,16,0,1,20,21,
Line10=72,12,13,8,6,5,14,9,7,16,0,1,20,21,
Line11=64,12,13,8,6,5,14,9,7,16,0,1,20,21,
Line12=65,12,13,8,6,5,14,9,7,16,0,1,20,21,
Line13=66,12,13,8,6,5,14,9,7,16,0,1,20,21,
Line14=67,12,13,8,6,5,14,9,7,16,0,1,20,21,
Line15=68,12,13,8,6,5,14,9,7,16,0,1,20,21,
Line16=69,12,13,8,6,5,14,9,7,16,0,1,20,21,
Line17=70,12,13,8,6,5,14,9,7,16,0,1,20,21,
Line18=71,12,13,8,6,5,14,9,7,16,0,1,20,21,
Line19=7,14,13,1,16,9,5,7,6,12,8,0,20,21,
Line20=80,8,6,12,13,5,14,0,9,7,16,1,20,21,
Line21=81,8,6,12,13,5,14,0,9,7,16,1,20,21,
Line22=82,8,6,12,13,5,14,0,9,7,16,1,20,21,
Line23=83,8,6,12,13,5,14,0,9,7,16,1,20,21,
Line24=84,8,6,12,13,5,14,0,9,7,16,1,20,21,
Line25=85,8,6,12,13,5,14,0,9,7,16,1,20,21,
Line26=86,8,6,12,13,5,14,0,9,7,16,1,20,21,
Line27=87,8,6,12,13,5,14,0,9,7,16,1,20,21,
Line28=88,8,6,12,13,5,14,0,9,7,16,1,20,21,
Line29=89,8,6,12,13,5,14,0,9,7,16,1,20,21,
Line30=90,8,6,12,13,5,14,0,9,7,16,1,20,21,
Line31=91,8,6,12,13,5,14,0,9,7,16,1,20,21,
Line32=92,8,6,12,13,5,14,0,9,7,16,1,20,21,
Line33=93,8,6,12,13,5,14,0,9,7,16,1,20,21,
Line34=94,8,6,12,13,5,14,0,9,7,16,1,20,21,
Line35=95,8,6,12,13,5,14,0,9,7,16,1,20,21,
Line36=48,9,7,12,13,5,14,0,8,6,16,1,20,21,
Line37=49,9,7,12,13,5,14,0,8,6,16,1,20,21,
Line38=50,9,7,12,13,5,14,0,8,6,16,1,20,21,
Line39=51,9,7,12,13,5,14,0,8,6,16,1,20,21,
Line40=52,9,7,12,13,5,14,0,8,6,16,1,20,21,
Line41=53,9,7,12,13,5,14,0,8,6,16,1,20,21,
Line42=54,9,7,12,13,5,14,0,8,6,16,1,20,21,
Line43=55,9,7,12,13,5,14,0,8,6,16,1,20,21,
Line44=56,9,7,12,13,5,14,0,8,6,16,1,20,21,
Line45=57,9,7,12,13,5,14,0,8,6,16,1,20,21,
Line46=58,9,7,12,13,5,14,0,8,6,16,1,20,21,
Line47=59,9,7,12,13,5,14,0,8,6,16,1,20,21,
Line48=60,9,7,12,13,5,14,0,8,6,16,1,20,21,
Line49=61,9,7,12,13,5,14,0,8,6,16,1,20,21,
Line50=62,9,7,12,13,5,14,0,8,6,16,1,20,21,
Line51=63,9,7,12,13,5,14,0,8,6,16,1,20,21,

[FreeWound]
TotalFrameBefore=64
Line1=48,8,6,12,13,14,16,5,1,0,9,7,20,21,
Line2=49,8,6,12,13,14,16,5,1,0,9,7,20,21,
Line3=50,8,6,12,13,14,16,5,1,0,9,7,20,21,
Line4=51,8,6,12,13,14,16,5,1,0,9,7,20,21,
Line5=52,8,6,12,13,14,16,5,1,0,9,7,20,21,
Line6=53,8,6,12,13,14,16,5,1,0,9,7,20,21,
Line7=54,8,6,12,13,14,16,5,1,0,9,7,20,21,
Line8=55,8,6,12,13,14,16,5,1,0,9,7,20,21,
Line9=16,9,7,12,13,14,5,6,8,16,0,1,20,21,
Line10=17,9,7,12,13,14,5,6,8,16,0,1,20,21,
Line11=18,9,7,12,13,14,5,6,8,16,0,1,20,21,
Line12=19,9,7,12,13,14,5,6,8,16,0,1,20,21,
Line13=20,9,7,12,13,14,5,6,8,16,0,1,20,21,
Line14=21,9,7,12,13,14,5,6,8,16,0,1,20,21,
Line15=22,9,7,12,13,14,5,6,8,16,0,1,20,21,
Line16=23,9,7,12,13,14,5,6,8,16,0,1,20,21,

[JumpFly]
TotalFrameBefore=112
Line1=65,12,13,8,6,5,14,0,7,9,16,1,20,21,
Line2=66,12,13,8,6,5,14,0,7,9,16,1,20,21,
Line3=67,12,13,8,6,5,14,0,7,9,16,1,20,21,
Line4=68,12,13,8,6,5,14,0,7,9,16,1,20,21,
Line5=69,12,13,8,6,5,14,0,7,9,16,1,20,21,
Line6=64,12,13,8,6,5,14,0,7,9,16,1,20,21,
Line7=63,12,13,8,6,5,14,0,7,9,16,1,20,21,
Line8=62,12,13,8,6,5,14,0,7,9,16,1,20,21,
Line9=61,12,13,8,6,5,14,0,7,9,16,1,20,21,
Line10=60,12,13,8,6,5,14,0,7,9,16,1,20,21,
Line11=59,12,13,8,6,5,14,0,7,9,16,1,20,21,
Line12=58,12,13,8,6,5,14,0,7,9,16,1,20,21,
Line13=57,12,13,8,6,5,14,0,7,9,16,1,20,21,
Line14=56,12,13,8,6,5,14,0,7,9,16,1,20,21,

[MeleeWFightStand]
TotalFrameBefore=128
Line1=22,20,21,14,13,9,7,5,12,6,8,0,16,1,
Line2=16,20,21,14,13,9,7,5,12,6,8,0,16,1,
Line3=17,20,21,14,13,9,7,5,12,6,8,0,16,1,
Line4=18,20,21,14,13,9,7,5,12,6,8,0,16,1,
Line5=19,20,21,14,13,9,7,5,12,6,8,0,16,1,
Line6=20,20,21,14,13,9,7,5,12,6,8,0,16,1,
Line7=21,20,21,14,13,9,7,5,12,6,8,0,16,1,
Line8=23,20,21,14,13,9,7,5,12,6,8,0,16,1,
Line9=24,20,21,14,13,9,7,5,12,6,8,0,16,1,
Line10=25,20,21,14,13,9,7,5,12,6,8,0,16,1,
Line11=26,20,21,14,13,9,7,5,12,6,8,0,16,1,
Line12=27,20,21,14,13,9,7,5,12,6,8,0,16,1,
Line13=28,20,21,14,13,9,7,5,12,6,8,0,16,1,
Line14=29,20,21,14,13,9,7,5,12,6,8,0,16,1,
Line15=30,20,21,14,13,9,7,5,12,6,8,0,16,1,
Line16=31,20,21,14,13,9,7,5,12,6,8,0,16,1,
Line17=32,9,7,12,13,14,5,0,6,8,16,1,20,21,
Line18=33,9,7,12,13,14,5,0,6,8,16,1,20,21,
Line19=47,9,7,12,13,14,5,0,6,8,16,1,20,21,
Line20=46,9,7,12,13,14,5,0,6,8,16,1,20,21,
Line21=45,9,7,12,13,14,5,0,6,8,16,1,20,21,
Line22=44,9,7,12,13,14,5,0,6,8,16,1,20,21,
Line23=43,9,7,12,13,14,5,0,6,8,16,1,20,21,
Line24=42,9,7,12,13,14,5,0,6,8,16,1,20,21,
Line25=41,9,7,12,13,14,5,0,6,8,16,1,20,21,
Line26=40,9,7,12,13,14,5,0,6,8,16,1,20,21,
Line27=39,9,7,12,13,14,5,0,6,8,16,1,20,21,
Line28=38,9,7,12,13,14,5,0,6,8,16,1,20,21,
Line29=37,9,7,12,13,14,5,0,6,8,16,1,20,21,
Line30=36,9,7,12,13,14,5,0,6,8,16,1,20,21,
Line31=35,9,7,12,13,14,5,0,6,8,16,1,20,21,
Line32=34,9,7,12,13,14,5,0,6,8,16,1,20,21,
Line33=54,9,7,12,13,5,14,0,8,6,16,1,20,21,
Line34=55,9,7,12,13,5,14,0,8,6,16,1,20,21,
Line35=56,9,7,12,13,5,14,0,8,6,16,1,20,21,
Line36=57,9,7,12,13,5,14,0,8,6,16,1,20,21,
Line37=58,9,7,12,13,5,14,0,8,6,16,1,20,21,
Line38=59,9,7,12,13,5,14,0,8,6,16,1,20,21,
Line39=60,9,7,12,13,5,14,0,8,6,16,1,20,21,
Line40=61,9,7,12,13,5,14,0,8,6,16,1,20,21,
Line41=62,9,7,12,13,5,14,0,8,6,16,1,20,21,
Line42=63,9,7,12,13,5,14,0,8,6,16,1,20,21,
Line43=53,9,7,12,13,5,14,0,8,6,16,1,20,21,
Line44=52,9,7,12,13,5,14,0,8,6,16,1,20,21,
Line45=51,9,7,12,13,5,14,0,8,6,16,1,20,21,
Line46=50,9,7,12,13,5,14,0,8,6,16,1,20,21,
Line47=49,9,7,12,13,5,14,0,8,6,16,1,20,21,
Line48=48,9,7,12,13,5,14,0,8,6,16,1,20,21,
Line49=111,8,6,12,13,14,16,1,5,0,9,7,20,21,
Line50=110,8,6,12,13,14,16,1,5,0,9,7,20,21,
Line51=109,8,6,12,13,14,16,1,5,0,9,7,20,21,
Line52=108,8,6,12,13,14,16,1,5,0,9,7,20,21,
Line53=107,8,6,12,13,14,16,1,5,0,9,7,20,21,
Line54=106,8,6,12,13,14,16,1,5,0,9,7,20,21,
Line55=105,8,6,12,13,14,16,1,5,0,9,7,20,21,
Line56=104,8,6,12,13,14,16,1,5,0,9,7,20,21,
Line57=103,8,6,12,13,14,16,1,5,0,9,7,20,21,
Line58=102,8,6,12,13,14,16,1,5,0,9,7,20,21,
Line59=101,8,6,12,13,14,16,1,5,0,9,7,20,21,
Line60=100,8,6,12,13,14,16,1,5,0,9,7,20,21,
Line61=99,8,6,12,13,14,16,1,5,0,9,7,20,21,
Line62=98,8,6,12,13,14,16,1,5,0,9,7,20,21,
Line63=97,8,6,12,13,14,16,1,5,0,9,7,20,21,
Line64=96,8,6,12,13,14,16,1,5,0,9,7,20,21,
Line65=91,8,6,12,13,14,16,5,1,0,9,7,20,21,
Line66=92,8,6,12,13,14,16,5,1,0,9,7,20,21,
Line67=93,8,6,12,13,14,16,5,1,0,9,7,20,21,
Line68=94,8,6,12,13,14,16,5,1,0,9,7,20,21,
Line69=95,8,6,12,13,14,16,5,1,0,9,7,20,21,
Line70=90,8,6,12,13,14,16,5,1,0,9,7,20,21,
Line71=89,8,6,12,13,14,16,5,1,0,9,7,20,21,
Line72=88,8,6,12,13,14,16,5,1,0,9,7,20,21,
Line73=87,8,6,12,13,14,16,5,1,0,9,7,20,21,
Line74=86,8,6,12,13,14,16,5,1,0,9,7,20,21,
Line75=85,8,6,12,13,14,16,5,1,0,9,7,20,21,
Line76=84,8,6,12,13,14,16,5,1,0,9,7,20,21,
Line77=83,8,6,12,13,14,16,5,1,0,9,7,20,21,
Line78=82,8,6,12,13,14,16,5,1,0,9,7,20,21,
Line79=81,8,6,12,13,14,16,5,1,0,9,7,20,21,
Line80=80,8,6,12,13,14,16,5,1,0,9,7,20,21,

[MeleeWNormalStand]
TotalFrameBefore=128
Dir2=-1,21,14,13,16,7,9,5,1,0,8,6,12,20,
Line1=48,9,7,12,13,5,14,0,8,6,16,1,20,21,
Line2=49,9,7,12,13,5,14,0,8,6,16,1,20,21,
Line3=50,9,7,12,13,5,14,0,8,6,16,1,20,21,
Line4=51,9,7,12,13,5,14,0,8,6,16,1,20,21,
Line5=52,9,7,12,13,5,14,0,8,6,16,1,20,21,
Line6=53,9,7,12,13,5,14,0,8,6,16,1,20,21,
Line7=54,9,7,12,13,5,14,0,8,6,16,1,20,21,
Line8=55,9,7,12,13,5,14,0,8,6,16,1,20,21,
Line9=56,9,7,12,13,5,14,0,8,6,16,1,20,21,
Line10=57,9,7,12,13,5,14,0,8,6,16,1,20,21,
Line11=58,9,7,12,13,5,14,0,8,6,16,1,20,21,
Line12=59,9,7,12,13,5,14,0,8,6,16,1,20,21,
Line13=60,9,7,12,13,5,14,0,8,6,16,1,20,21,
Line14=61,9,7,12,13,5,14,0,8,6,16,1,20,21,
Line15=62,9,7,12,13,5,14,0,8,6,16,1,20,21,
Line16=63,9,7,12,13,5,14,0,8,6,16,1,20,21,

[MeleeWWalk]
TotalFrameBefore=128
Dir1=-1,14,13,1,16,7,5,6,12,9,8,0,20,21,
Line1=6,14,13,1,16,7,9,5,6,12,8,0,20,21,
Line2=7,14,13,1,16,7,9,5,6,12,8,0,20,21,
Line3=8,14,13,1,16,7,9,5,6,12,8,0,20,21,
Line4=9,14,13,1,16,7,9,5,6,12,8,0,20,21,
Line5=10,14,13,1,16,7,9,5,6,12,8,0,20,21,
Line6=11,14,13,1,16,7,9,5,6,12,8,0,20,21,
Line7=12,14,13,1,16,7,9,5,6,12,8,0,20,21,
Line8=13,14,13,1,16,7,9,5,6,12,8,0,20,21,
Line9=14,14,13,1,16,7,9,5,6,12,8,0,20,21,
Line10=15,14,13,1,16,7,9,5,6,12,8,0,20,21,
Line11=5,14,13,1,16,7,9,5,6,12,8,0,20,21,
Line12=4,14,13,1,16,7,9,5,6,12,8,0,20,21,
Line13=3,14,13,1,16,7,9,5,6,12,8,0,20,21,
Line14=2,14,13,1,16,7,9,5,6,12,8,0,20,21,
Line15=1,14,13,1,16,7,9,5,6,12,8,0,20,21,
Line16=0,14,13,1,16,7,9,5,6,12,8,0,20,21,
Line17=74,12,13,8,6,5,14,0,7,9,16,1,20,21,
Line18=75,12,13,8,6,5,14,0,7,9,16,1,20,21,
Line19=76,12,13,8,6,5,14,0,7,9,16,1,20,21,
Line20=77,12,13,8,6,5,14,0,7,9,16,1,20,21,
Line21=78,12,13,8,6,5,14,0,7,9,16,1,20,21,
Line22=79,12,13,8,6,5,14,0,7,9,16,1,20,21,
Line23=64,12,13,8,6,5,14,0,7,9,16,1,20,21,
Line24=65,12,13,8,6,5,14,0,7,9,16,1,20,21,
Line25=66,12,13,8,6,5,14,0,7,9,16,1,20,21,
Line26=67,12,13,8,6,5,14,0,7,9,16,1,20,21,
Line27=68,12,13,8,6,5,14,0,7,9,16,1,20,21,
Line28=69,12,13,8,6,5,14,0,7,9,16,1,20,21,
Line29=70,12,13,8,6,5,14,0,7,9,16,1,20,21,
Line30=71,12,13,8,6,5,14,0,7,9,16,1,20,21,
Line31=72,12,13,8,6,5,14,0,7,9,16,1,20,21,
Line32=73,12,13,8,6,5,14,0,7,9,16,1,20,21,
Line33=94,8,6,12,13,5,14,0,9,7,16,1,20,21,
Line34=95,8,6,12,13,5,14,0,9,7,16,1,20,21,
Line35=93,8,6,12,13,5,14,0,9,7,16,1,20,21,
Line36=92,8,6,12,13,5,14,0,9,7,16,1,20,21,
Line37=91,8,6,12,13,5,14,0,9,7,16,1,20,21,
Line38=90,8,6,12,13,5,14,0,9,7,16,1,20,21,
Line39=89,8,6,12,13,5,14,0,9,7,16,1,20,21,
Line40=88,8,6,12,13,5,14,0,9,7,16,1,20,21,
Line41=87,8,6,12,13,5,14,0,9,7,16,1,20,21,
Line42=86,8,6,12,13,5,14,0,9,7,16,1,20,21,
Line43=85,8,6,12,13,5,14,0,9,7,16,1,20,21,
Line44=84,8,6,12,13,5,14,0,9,7,16,1,20,21,
Line45=83,8,6,12,13,5,14,0,9,7,16,1,20,21,
Line46=82,8,6,12,13,5,14,0,9,7,16,1,20,21,
Line47=81,8,6,12,13,5,14,0,9,7,16,1,20,21,
Line48=80,8,6,12,13,5,14,0,9,7,16,1,20,21,
Line49=48,9,7,12,13,5,14,0,8,6,16,1,20,21,
Line50=49,9,7,12,13,5,14,0,8,6,16,1,20,21,
Line51=50,9,7,12,13,5,14,0,8,6,16,1,20,21,
Line52=51,9,7,12,13,5,14,0,8,6,16,1,20,21,
Line53=52,9,7,12,13,5,14,0,8,6,16,1,20,21,
Line54=53,9,7,12,13,5,14,0,8,6,16,1,20,21,
Line55=54,9,7,12,13,5,14,0,8,6,16,1,20,21,
Line56=55,9,7,12,13,5,14,0,8,6,16,1,20,21,
Line57=56,9,7,12,13,5,14,0,8,6,16,1,20,21,
Line58=57,9,7,12,13,5,14,0,8,6,16,1,20,21,
Line59=58,9,7,12,13,5,14,0,8,6,16,1,20,21,
Line60=59,9,7,12,13,5,14,0,8,6,16,1,20,21,
Line61=60,9,7,12,13,5,14,0,8,6,16,1,20,21,
Line62=61,9,7,12,13,5,14,0,8,6,16,1,20,21,
Line63=62,9,7,12,13,5,14,0,8,6,16,1,20,21,
Line64=63,9,7,12,13,5,14,0,8,6,16,1,20,21,

[MeleeWRun]
TotalFrameBefore=128
Line1=55,7,9,12,13,5,14,0,8,6,16,1,20,21,
Line2=32,9,7,12,13,14,5,0,6,8,16,1,20,21,
Line3=33,9,7,12,13,14,5,0,6,8,16,1,20,21,
Line4=34,9,7,12,13,14,5,0,6,8,16,1,20,21,
Line5=35,9,7,12,13,14,5,0,6,8,16,1,20,21,
Line6=36,9,7,12,13,14,5,0,6,8,16,1,20,21,
Line7=37,9,7,12,13,14,5,0,6,8,16,1,20,21,
Line8=38,9,7,12,13,14,5,0,6,8,16,1,20,21,
Line9=39,9,7,12,13,14,5,0,6,8,16,1,20,21,
Line10=40,9,7,12,13,14,5,0,6,8,16,1,20,21,
Line11=41,9,7,12,13,14,5,0,6,8,16,1,20,21,
Line12=42,9,7,12,13,14,5,0,6,8,16,1,20,21,
Line13=43,9,7,12,13,14,5,0,6,8,16,1,20,21,
Line14=44,9,7,12,13,14,5,0,6,8,16,1,20,21,
Line15=45,9,7,12,13,14,5,0,6,8,16,1,20,21,
Line16=46,9,7,12,13,14,5,0,6,8,16,1,20,21,
Line17=47,9,7,12,13,14,5,0,6,8,16,1,20,21,
Line18=48,9,7,12,13,5,14,0,8,6,16,1,20,21,
Line19=49,9,7,12,13,5,14,0,8,6,16,1,20,21,
Line20=50,9,7,12,13,5,14,0,8,6,16,1,20,21,
Line21=51,9,7,12,13,5,14,0,8,6,16,1,20,21,
Line22=52,9,7,12,13,5,14,0,8,6,16,1,20,21,
Line23=53,9,7,12,13,5,14,0,8,6,16,1,20,21,
Line24=54,9,7,12,13,5,14,0,8,6,16,1,20,21,
Line25=56,9,7,12,13,5,14,0,8,6,16,1,20,21,
Line26=57,9,7,12,13,5,14,0,8,6,16,1,20,21,
Line27=58,9,7,12,13,5,14,0,8,6,16,1,20,21,
Line28=59,9,7,12,13,5,14,0,8,6,16,1,20,21,
Line29=60,9,7,12,13,5,14,0,8,6,16,1,20,21,
Line30=61,9,7,12,13,5,14,0,8,6,16,1,20,21,
Line31=62,9,7,12,13,5,14,0,8,6,16,1,20,21,
Line32=63,9,7,12,13,5,14,0,8,6,16,1,20,21,

[FreeSpecialStand]
TotalFrameBefore=80
Line1=43,12,13,8,6,5,14,7,9,16,0,1,20,21,
Line2=44,12,13,8,6,5,14,7,9,16,0,1,20,21,
Line3=45,12,13,8,6,5,14,7,9,16,0,1,20,21,
Line4=46,12,13,8,6,5,14,7,9,16,0,1,20,21,
Line5=47,12,13,8,6,5,14,7,9,16,0,1,20,21,
Line6=48,12,13,8,6,5,14,7,9,16,0,1,20,21,
Line7=49,12,13,8,6,5,14,7,9,16,0,1,20,21,
Line8=42,12,13,8,6,5,14,7,9,16,0,1,20,21,
Line9=41,12,13,8,6,5,14,7,9,16,0,1,20,21,
Line10=40,12,13,8,6,5,14,7,9,16,0,1,20,21,
Line11=32,9,7,12,13,5,14,8,6,16,0,1,20,21,
Line12=36,9,7,12,13,5,14,8,6,16,0,1,20,21,
Line13=37,9,7,12,13,5,14,8,6,16,0,1,20,21,
Line14=39,9,7,12,13,5,14,8,6,16,0,1,20,21,
Line15=38,9,7,12,13,5,14,8,6,16,0,1,20,21,
Line16=35,9,7,12,13,5,14,8,6,16,0,1,20,21,
Line17=34,9,7,12,13,5,14,8,6,16,0,1,20,21,
Line18=33,9,7,12,13,5,14,8,6,16,0,1,20,21,
Line19=31,9,7,12,13,5,14,8,6,16,0,1,20,21,
Line20=30,9,7,12,13,5,14,8,6,16,0,1,20,21,
Line21=50,8,6,12,13,5,14,0,9,7,16,1,20,21,
Line22=51,8,6,12,13,5,14,0,9,7,16,1,20,21,
Line23=52,8,6,12,13,5,14,0,9,7,16,1,20,21,
Line24=53,8,6,12,13,5,14,0,9,7,16,1,20,21,
Line25=54,8,6,12,13,5,14,0,9,7,16,1,20,21,
Line26=55,8,6,12,13,5,14,0,9,7,16,1,20,21,
Line27=56,8,6,12,13,5,14,0,9,7,16,1,20,21,
Line28=57,8,6,12,13,5,14,0,9,7,16,1,20,21,
Line29=58,8,6,12,13,5,14,0,9,7,16,1,20,21,
Line30=59,8,6,12,13,5,14,0,9,7,16,1,20,21,

[DartThrow]
TotalFrameBefore=64
Line1=24,9,7,12,13,5,14,0,8,6,16,1,20,21,
Line2=25,9,7,12,13,5,14,0,8,6,16,1,20,21,
Line3=26,9,7,12,13,5,14,0,8,6,16,1,20,21,
Line4=27,9,7,12,13,5,14,0,8,6,16,1,20,21,
Line5=28,9,7,12,13,5,14,0,8,6,16,1,20,21,
Line6=29,9,7,12,13,5,14,0,8,6,16,1,20,21,
Line7=30,9,7,12,13,5,14,0,8,6,16,1,20,21,
Line8=31,9,7,12,13,5,14,0,8,6,16,1,20,21,
Line9=34,12,13,8,6,9,7,5,14,16,1,0,20,21,
Line10=33,12,13,8,6,9,7,5,14,16,1,0,20,21,
Line11=32,12,13,8,6,5,14,0,7,9,16,1,20,21,
Line12=38,12,13,8,6,5,14,0,7,9,16,1,20,21,
Line13=39,12,13,8,6,5,14,0,7,9,16,1,20,21,
Line14=41,8,6,12,13,5,14,0,9,7,16,1,20,21,
Line15=42,8,6,12,13,5,14,0,9,7,16,1,20,21,
Line16=48,8,6,12,13,14,16,1,5,0,9,7,20,21,
Line17=49,8,6,12,13,14,16,1,5,0,9,7,20,21,
Line18=51,8,6,12,13,14,16,1,5,0,9,7,20,21,
Line19=52,8,6,12,13,14,16,1,5,0,9,7,20,21,
Line20=53,8,6,12,13,14,16,1,5,0,9,7,20,21,
Line21=54,8,6,12,13,14,16,1,5,0,9,7,20,21,
Line22=55,8,6,12,13,14,16,1,5,0,9,7,20,21,

