[DEFAULT]
Dir1=-1,20,21,14,13,1,16,9,7,5,6,12,8,0,
Dir2=-1,14,13,16,20,21,7,9,5,1,0,12,8,6,
Dir3=-1,14,13,9,7,1,5,0,8,6,12,16,20,21,
Dir4=-1,9,7,12,13,5,14,16,1,0,8,6,20,21,
Dir5=-1,12,13,8,6,5,14,16,1,0,7,9,20,21,
Dir6=-1,8,6,12,13,5,14,16,1,0,9,7,20,21,
Dir7=-1,13,6,8,5,12,20,14,16,1,0,7,9,21,
Dir8=-1,20,21,14,13,16,1,8,6,5,12,0,9,7,
Dir9=-1,12,13,14,8,6,9,5,16,0,1,7,20,21,
Dir10=-1,12,13,14,8,6,9,5,16,0,1,7,20,21,
Dir11=-1,12,13,14,8,6,9,5,16,0,1,7,20,21,
Dir12=-1,12,13,14,8,6,5,16,0,1,9,7,20,21,
Dir13=-1,12,13,14,8,6,5,16,0,1,9,7,20,21,
Dir14=-1,12,13,14,8,6,5,16,1,0,7,9,20,21,
Dir15=-1,12,13,14,6,8,5,16,1,0,7,9,20,21,
Dir16=-1,12,13,14,5,0,1,6,8,7,9,16,20,21,
UnitNum=13
DirNum=18

[FreeAttack]
TotalFrameBefore=88
Line1=1,20,21,14,13,1,16,9,7,6,5,12,8,0,
Line2=2,20,21,14,13,1,16,6,5,8,7,9,12,0,
Line3=7,20,21,14,13,1,16,6,5,12,9,8,0,7,
Line4=8,20,21,14,13,1,16,6,5,9,7,12,8,0,
Line5=9,20,21,14,13,1,16,6,5,7,12,8,0,9,
Line6=14,14,13,21,16,20,6,7,8,9,0,5,1,12,
Line7=15,14,13,20,21,9,7,5,16,1,12,6,8,0,
Line8=16,14,13,20,21,9,7,5,16,1,12,6,8,0,
Line9=17,14,13,20,21,9,7,5,16,1,12,6,8,0,
Line10=18,14,13,20,21,16,1,5,7,12,9,6,8,0,
Line11=19,14,13,20,21,16,1,5,7,9,12,6,8,0,
Line12=20,14,13,20,21,7,9,16,1,5,12,6,8,0,
Line13=33,9,7,12,13,5,14,16,0,1,8,6,20,21,
Line14=34,9,7,12,13,5,14,16,0,1,8,6,20,21,
Line15=35,9,7,12,13,5,14,16,0,1,8,6,20,21,
Line16=36,9,7,12,13,5,14,8,6,16,0,1,20,21,
Line17=37,9,12,13,5,7,14,8,6,16,0,1,20,21,
Line18=38,9,12,13,5,7,14,8,6,16,0,1,20,21,
Line19=39,9,12,13,5,7,14,8,6,16,0,1,20,21,
Line20=43,9,7,12,13,5,14,16,0,1,8,6,20,21,
Line21=44,12,13,8,6,5,14,9,7,16,0,1,20,21,
Line22=46,12,13,9,7,8,5,6,14,16,0,1,20,21,
Line23=47,9,12,13,5,7,14,8,6,16,0,1,20,21,
Line24=47,12,13,8,6,5,14,7,9,16,0,1,20,21,
Line25=48,12,13,8,6,5,14,16,0,1,7,9,20,21,
Line26=49,12,13,8,6,5,14,16,0,1,7,9,20,21,
Line27=50,12,13,8,6,5,14,16,0,1,7,9,20,21,
Line28=51,12,13,8,9,7,5,6,14,16,0,1,20,21,
Line29=52,12,13,8,9,7,5,14,6,16,0,1,20,21,
Line30=53,12,13,8,9,7,5,6,14,16,0,1,20,21,
Line31=54,12,13,8,6,5,14,9,7,16,0,1,20,21,
Line32=55,8,6,12,13,5,14,9,16,0,1,7,20,21,
Line33=55,8,6,12,13,5,14,16,0,1,9,7,20,21,
Line34=56,8,6,12,13,5,14,9,7,16,0,1,20,21,
Line35=62,8,12,13,7,5,6,14,16,0,1,9,20,21,
Line36=63,8,12,13,7,5,6,14,16,0,1,9,20,21,
Line37=64,8,6,12,13,7,5,14,16,0,1,9,20,21,
Line38=70,8,6,12,13,14,20,21,16,1,5,0,9,7,
Line39=71,8,6,12,13,14,20,21,16,1,5,0,9,7,
Line40=72,8,6,12,13,14,20,21,16,1,5,0,9,7,
Line41=80,20,21,14,13,16,1,8,7,5,6,12,0,9,
Line42=81,20,21,14,13,16,1,7,5,12,8,6,0,9,
Line43=82,20,21,14,13,16,1,7,5,8,6,12,0,9,
Line44=83,20,21,14,13,16,1,7,5,6,8,12,0,9,
Line45=84,20,21,14,13,8,6,5,12,0,9,16,7,1,
Line46=85,20,21,14,13,8,6,5,12,0,9,7,16,1,
Line47=86,20,21,14,13,8,6,5,12,0,9,7,16,1,

[FreeDie]
TotalFrameBefore=80
Dir1=-1,12,13,14,7,9,16,5,1,0,6,8,
Dir2=-1,14,13,9,7,16,5,0,1,12,8,6,
Dir3=-1,9,7,12,13,14,5,16,1,0,6,8,
Dir4=-1,9,7,12,13,5,14,16,1,0,8,6,
Dir5=-1,12,13,8,6,5,14,16,1,0,7,9,
Dir6=-1,8,6,12,13,5,14,16,1,0,9,7,
Dir7=-1,8,6,12,13,14,5,16,1,0,9,7,
Dir8=-1,14,13,16,1,8,6,5,12,0,9,7,
Line1=25,9,7,12,13,14,8,0,5,16,6,1,
Line2=35,9,7,12,13,5,14,16,0,1,8,6,
Line3=36,9,7,12,13,5,14,16,0,1,8,6,
Line4=37,9,7,12,13,5,14,16,0,1,8,6,
Line5=38,9,7,12,13,5,14,16,0,1,8,6,
Line6=39,9,7,12,13,5,14,16,0,1,8,6,
Line7=34,9,7,12,13,5,14,16,0,1,8,6,
Line8=33,9,7,12,13,5,14,16,0,1,8,6,
Line9=32,9,7,12,13,5,14,16,0,1,8,6,
Line10=31,9,7,12,13,5,14,16,0,1,8,6,
Line11=30,9,7,12,13,5,14,16,0,1,8,6,
Line12=29,9,7,12,13,14,5,16,0,1,6,8,
Line13=28,9,7,12,13,14,5,16,0,1,6,8,
Line14=27,9,7,12,13,14,5,16,0,1,6,8,
Line15=26,9,7,12,13,14,5,16,0,1,6,8,
Line16=24,9,7,12,13,14,5,16,0,1,6,8,
Line17=23,9,7,12,13,14,5,16,0,1,6,8,
Line18=22,9,7,12,13,14,5,16,0,1,6,8,
Line19=41,12,13,8,6,5,14,16,0,1,7,9,
Line20=40,12,13,8,6,5,14,16,0,1,7,9,
Line21=51,8,6,12,13,5,14,16,0,1,9,7,
Line22=14,14,13,9,7,0,5,12,16,1,8,6,
Line23=15,14,13,9,7,0,5,16,1,12,8,6,
Line24=16,14,13,9,7,0,5,16,1,12,8,6,
Line25=17,14,13,9,7,0,5,16,1,12,8,6,
Line26=18,14,13,9,7,0,1,5,16,12,8,6,
Line27=19,14,13,9,7,0,1,5,16,12,8,6,

[FreeMagic]
TotalFrameBefore=80
Line1=3,20,21,14,13,1,16,6,5,7,9,12,8,0,
Line2=4,20,21,14,13,1,16,6,5,9,7,12,8,0,
Line3=5,20,21,14,13,1,16,6,5,9,7,12,8,0,
Line4=6,20,21,14,13,1,16,6,5,9,7,12,8,0,
Line5=7,20,21,14,13,1,16,6,5,9,7,12,8,0,
Line6=8,20,21,14,13,1,16,5,7,6,12,9,8,0,
Line7=13,14,13,21,9,16,20,1,5,7,12,6,8,0,
Line8=14,14,13,21,9,16,20,1,5,7,12,6,8,0,
Line9=15,14,13,21,9,16,20,1,5,7,12,6,8,0,
Line10=16,14,13,21,9,16,20,1,5,7,12,6,8,0,
Line11=17,14,13,21,9,16,20,1,5,7,12,6,8,0,
Line12=31,9,12,13,5,7,14,8,6,16,0,1,20,21,
Line13=32,9,12,13,5,7,14,8,6,16,0,1,20,21,
Line14=43,12,13,8,7,5,6,14,16,0,1,9,20,21,
Line15=44,12,13,8,7,5,6,14,16,0,1,9,20,21,
Line16=45,12,13,8,7,5,6,14,16,0,1,9,20,21,
Line17=46,12,13,8,7,5,6,14,16,0,1,9,20,21,
Line18=47,12,13,8,7,5,6,14,16,0,1,9,20,21,
Line19=48,12,13,8,7,5,6,14,16,0,1,9,20,21,
Line20=53,8,6,12,13,7,5,14,16,0,1,9,20,21,
Line21=54,8,6,12,13,7,5,14,16,0,1,9,20,21,
Line22=55,8,6,12,13,7,5,14,16,0,1,9,20,21,
Line23=56,8,6,12,13,7,5,14,16,0,1,9,20,21,
Line24=57,8,6,12,13,7,5,14,16,0,1,9,20,21,
Line25=39,9,7,12,13,5,14,8,6,16,0,1,20,21,
Line26=38,9,7,12,13,5,14,16,0,1,8,6,20,21,
Line27=37,9,7,12,13,5,14,16,0,1,8,6,20,21,
Line28=35,9,7,12,13,5,14,16,0,1,8,6,20,21,
Line29=30,9,7,12,13,5,14,8,6,16,0,1,20,21,
Line30=49,12,13,8,6,5,14,16,0,1,7,9,20,21,
Line31=42,12,13,8,6,5,14,16,0,1,7,9,20,21,
Line32=41,12,13,8,6,5,14,16,0,1,7,9,20,21,
Line33=40,12,13,8,6,5,14,9,7,16,0,1,20,21,
Line34=58,8,6,12,13,5,14,16,0,1,9,7,20,21,
Line35=61,8,6,12,13,20,14,16,21,1,5,0,9,7,
Line36=62,8,6,12,13,20,14,16,21,1,5,0,9,7,
Line37=73,14,13,20,8,6,21,5,12,0,9,7,16,1,
Line38=74,14,13,20,8,6,21,5,12,0,9,7,16,1,
Line39=75,14,13,20,8,6,21,5,12,0,9,7,16,1,
Line40=76,14,13,20,8,6,21,5,12,0,9,7,16,1,
Line41=77,14,13,20,8,6,21,5,12,0,9,7,16,1,

[MeleeWWound]
TotalFrameBefore=64
Line1=18,9,7,12,13,14,5,16,0,1,6,8,20,21,
Line2=19,9,7,12,13,14,5,16,0,1,6,8,20,21,
Line3=25,9,7,12,13,5,14,0,8,6,16,1,20,21,
Line4=26,9,7,12,13,5,14,0,8,6,16,1,20,21,
Line5=33,12,13,8,6,5,14,0,7,16,1,9,20,21,
Line6=24,9,7,12,13,5,14,0,8,6,16,1,20,21,
Line7=34,12,13,8,6,5,14,0,7,16,1,9,20,21,
Line8=32,12,13,8,6,5,14,0,7,16,1,9,20,21,
Line9=38,12,13,8,6,5,14,0,7,16,1,9,20,21,
Line10=39,12,13,8,6,5,14,0,7,16,1,9,20,21,
Line11=42,8,6,12,13,5,14,16,0,1,9,7,20,21,
Line12=27,9,7,12,13,5,14,0,8,6,16,1,20,21,
Line13=28,9,7,12,13,5,14,0,8,6,16,1,20,21,
Line14=29,9,7,12,13,5,14,0,8,6,16,1,20,21,
Line15=30,9,7,12,13,5,14,0,8,6,16,1,20,21,
Line16=31,9,7,12,13,5,14,0,8,6,16,1,20,21,
Line17=35,12,13,8,6,5,14,0,7,16,1,9,20,21,
Line18=36,12,13,8,6,5,14,0,7,16,1,9,20,21,
Line19=37,12,13,8,6,5,14,0,7,16,1,9,20,21,
Line20=40,8,6,12,13,5,14,7,16,0,1,9,20,21,
Line21=41,8,6,12,13,5,14,7,16,0,1,9,20,21,
Line22=47,8,6,12,13,5,14,7,16,1,0,9,20,21,
Line23=46,8,6,12,13,5,14,7,16,0,1,9,20,21,
Line24=45,8,6,12,13,5,14,7,16,0,1,9,20,21,
Line25=44,8,6,12,13,5,14,7,16,0,1,9,20,21,
Line26=51,8,6,12,13,20,21,14,16,5,1,0,9,7,
Line27=50,8,6,12,13,20,21,14,16,5,1,0,9,7,
Line28=52,8,6,12,13,20,21,14,16,5,1,0,9,7,
Line29=53,8,6,12,13,20,21,14,16,5,1,0,9,7,
Line30=54,8,6,12,13,20,21,14,16,5,1,0,9,7,
Line31=48,8,6,12,13,20,21,14,16,5,1,0,9,7,

[MeleeWDie]
TotalFrameBefore=80
Dir1=-1,14,13,1,16,9,7,5,6,12,8,0,
Dir2=-1,14,13,9,7,16,5,1,12,6,8,0,
Dir3=-1,9,7,12,13,14,5,16,1,0,6,8,
Dir4=-1,9,7,12,13,5,14,16,1,0,8,6,
Dir5=-1,12,13,8,6,5,14,16,1,0,7,9,
Dir6=-1,8,6,12,13,5,14,16,1,0,9,7,
Dir7=-1,8,6,12,13,14,5,16,1,0,9,7,
Dir8=-1,14,13,16,1,8,6,5,12,0,9,7,
Line1=5,14,13,1,16,9,7,5,12,8,0,6,
Line2=6,14,13,1,16,9,7,5,12,8,0,6,
Line3=7,14,13,1,16,9,7,5,12,8,0,6,
Line4=8,14,13,1,16,9,7,5,12,8,0,6,
Line5=9,14,13,1,9,7,5,16,12,8,0,6,
Line6=14,14,13,9,7,0,1,5,16,12,6,8,
Line7=15,14,13,9,7,0,1,5,16,12,6,8,
Line8=16,14,13,9,7,0,5,16,1,12,6,8,
Line9=17,14,13,9,7,0,5,16,1,12,6,8,
Line10=18,14,13,9,7,0,5,16,1,12,6,8,
Line11=19,14,13,9,7,0,5,16,1,12,6,8,
Line12=24,9,7,12,13,14,5,0,16,1,6,8,
Line13=25,9,7,12,13,14,0,5,16,1,6,8,
Line14=26,9,12,13,14,0,5,7,16,1,6,8,
Line15=27,9,12,13,14,0,5,7,1,16,6,8,
Line16=28,9,12,13,14,0,5,7,16,1,6,8,
Line17=29,9,12,13,14,0,5,7,16,1,6,8,
Line18=37,9,12,13,5,7,14,0,8,6,16,1,
Line19=38,9,12,13,5,7,14,0,8,6,16,1,
Line20=39,9,12,13,5,7,14,0,8,6,16,1,
Line21=45,12,13,8,14,7,9,5,0,16,1,6,
Line22=44,12,13,8,6,14,7,9,5,0,16,1,
Line23=46,12,13,8,14,7,9,5,0,16,1,6,
Line24=47,12,13,8,14,7,9,5,0,16,1,6,
Line25=48,12,13,8,14,7,9,5,0,16,1,6,
Line26=49,12,13,8,14,7,9,5,0,16,1,6,
Line27=41,12,13,8,6,5,14,16,0,7,9,1,
Line28=40,12,13,8,6,5,14,16,0,1,7,9,
Line29=51,8,6,12,13,5,14,16,0,1,9,7,
Line30=30,9,7,12,13,5,14,0,8,6,16,1,
Line31=31,9,7,12,13,5,14,0,8,6,16,1,
Line32=32,9,7,12,13,5,14,0,8,6,16,1,
Line33=33,9,7,12,13,5,14,0,8,6,16,1,
Line34=34,9,7,12,13,5,14,0,8,6,16,1,
Line35=35,9,7,12,13,5,14,0,8,6,16,1,
Line36=36,9,7,12,13,5,14,0,8,6,16,1,

[MeleeWPuncture]
TotalFrameBefore=112
Line1=1,20,21,14,13,1,16,7,5,6,12,8,0,9,
Line2=2,20,21,14,13,1,6,16,9,5,7,12,8,0,
Line3=3,20,21,14,13,1,16,6,8,5,7,9,12,0,
Line4=8,20,21,14,13,1,16,6,5,9,7,12,8,0,
Line5=9,20,21,14,13,1,16,6,5,9,7,12,8,0,
Line6=10,20,21,14,13,1,16,6,8,5,9,7,12,0,
Line7=16,14,13,21,16,20,1,6,8,5,7,9,12,0,
Line8=17,14,13,21,16,20,1,5,6,8,12,0,7,9,
Line9=30,12,13,14,5,16,1,7,0,6,8,9,20,21,
Line10=31,7,12,13,14,5,16,1,0,6,8,9,20,21,
Line11=44,7,12,13,5,14,16,1,0,8,6,9,20,21,
Line12=47,9,12,13,5,7,14,8,6,16,0,1,20,21,
Line13=48,9,12,13,8,6,5,7,14,16,0,1,20,21,
Line14=58,12,13,8,7,5,14,6,16,0,1,9,20,21,
Line15=59,12,13,8,9,7,5,6,14,16,0,1,20,21,
Line16=64,12,13,8,9,6,7,5,14,16,0,1,20,21,
Line17=65,12,13,8,6,9,7,5,14,16,0,1,20,21,
Line18=66,12,13,8,6,9,7,5,14,16,0,1,20,21,
Line19=72,8,12,13,9,7,5,14,6,16,0,1,20,21,
Line20=73,8,6,7,12,13,9,5,14,16,1,0,20,21,
Line21=104,20,21,14,13,16,1,5,6,8,12,0,9,7,
Line22=105,20,21,14,13,16,1,5,6,8,12,0,9,7,
Line23=111,20,21,14,13,16,1,8,6,5,12,0,7,9,
Line24=81,8,6,12,13,5,14,9,7,16,0,1,20,21,
Line25=67,12,13,8,6,5,14,9,7,16,0,1,20,21,
Line26=68,12,13,8,6,5,14,9,7,16,0,1,20,21,
Line27=69,12,13,8,6,5,14,7,9,16,0,1,20,21,
Line28=63,12,13,8,6,5,14,16,0,1,7,9,20,21,
Line29=62,12,13,8,6,5,14,16,0,1,7,9,20,21,
Line30=61,12,13,8,6,5,14,7,9,16,0,1,20,21,
Line31=60,12,13,8,6,5,14,9,7,16,0,1,20,21,
Line32=57,12,13,8,6,5,14,9,7,16,0,1,20,21,
Line33=56,12,13,8,6,5,14,9,7,16,0,1,20,21,
Line34=35,9,7,12,13,14,5,8,6,16,1,0,20,21,
Line35=55,9,7,12,13,5,14,8,6,16,0,1,20,21,
Line36=42,9,7,12,13,5,14,8,6,16,0,1,20,21,
Line37=46,9,7,12,13,5,14,8,6,16,1,0,20,21,
Line38=49,9,7,12,13,5,14,6,8,16,0,1,20,21,
Line39=54,9,7,12,13,5,14,8,6,16,1,0,20,21,
Line40=90,8,6,12,13,20,14,21,16,1,5,0,9,7,
Line41=91,8,6,12,13,20,14,21,16,1,5,0,9,7,
Line42=106,20,21,14,13,8,6,5,16,1,12,0,9,7,
Line43=107,20,21,14,13,8,6,5,16,1,12,0,9,7,
Line44=108,20,21,14,13,8,6,5,16,1,12,0,9,7,
Line45=78,8,6,12,13,5,14,9,7,16,1,0,20,21,
Line46=79,8,6,12,13,5,14,9,7,16,1,0,20,21,
Line47=80,8,6,12,13,5,14,9,7,16,1,0,20,21,
Line48=93,8,6,12,13,20,14,21,5,7,16,0,1,9,
Line49=94,8,6,12,13,20,14,21,5,7,16,1,0,9,
Line50=92,8,6,12,13,20,14,21,5,7,16,1,0,9,
Line51=71,8,6,12,13,5,14,7,16,1,0,9,20,21,

[MeleeWCut]
TotalFrameBefore=104
Line1=4,20,21,14,13,1,16,5,7,6,9,12,8,0,
Line2=5,20,21,14,13,1,16,8,6,5,9,7,12,0,
Line3=6,20,21,14,13,1,16,6,8,5,7,9,12,0,
Line4=17,14,13,21,16,20,1,5,12,6,7,9,8,0,
Line5=18,14,13,21,16,20,1,6,8,5,9,7,12,0,
Line6=19,14,13,21,16,20,1,6,8,5,9,7,12,0,
Line7=31,12,13,14,5,16,1,0,7,6,8,9,20,21,
Line8=32,12,13,14,5,16,1,0,6,8,9,7,20,21,
Line9=44,12,13,5,14,16,1,0,8,6,7,9,20,21,
Line10=56,12,13,8,7,9,6,5,14,16,0,1,20,21,
Line11=57,12,13,8,7,5,6,14,16,0,1,9,20,21,
Line12=58,12,13,8,9,7,5,6,14,16,0,1,20,21,
Line13=69,8,6,12,13,7,9,5,14,16,1,0,20,21,
Line14=70,8,6,12,13,9,7,5,14,16,1,0,20,21,
Line15=71,8,6,12,9,13,7,5,14,16,1,0,20,21,
Line16=61,12,13,8,6,5,14,7,16,0,1,9,20,21,
Line17=52,12,13,8,6,5,14,0,7,9,16,1,20,21,
Line18=53,12,13,8,6,5,14,0,7,9,16,1,20,21,
Line19=54,12,13,8,6,5,14,0,7,9,16,1,20,21,
Line20=55,12,13,8,6,5,14,16,0,1,7,9,20,21,
Line21=59,12,13,8,6,5,14,9,7,16,0,1,20,21,
Line22=60,12,13,8,6,5,14,7,16,0,1,9,20,21,
Line23=62,12,13,8,6,5,14,7,16,0,1,9,20,21,
Line24=63,12,13,8,6,5,14,7,16,0,1,9,20,21,
Line25=64,12,13,8,6,5,14,7,16,0,1,9,20,21,
Line26=50,9,7,12,13,5,14,0,8,6,16,1,20,21,
Line27=51,9,7,12,13,5,14,0,8,6,16,1,20,21,
Line28=49,9,7,12,13,5,14,0,8,6,16,1,20,21,
Line29=48,9,7,12,13,5,14,0,8,6,16,1,20,21,
Line30=47,9,7,12,13,5,14,0,8,6,16,1,20,21,
Line31=46,9,7,12,13,5,14,0,8,6,16,1,20,21,
Line32=42,9,7,12,13,5,14,0,8,6,16,1,20,21,
Line33=41,9,7,12,13,5,14,0,8,6,16,1,20,21,
Line34=40,9,7,12,13,5,14,0,8,6,16,1,20,21,
Line35=39,9,7,12,13,5,14,0,8,6,16,1,20,21,
Line36=73,8,6,12,13,5,14,16,0,1,9,7,20,21,
Line37=26,9,7,21,12,20,13,14,5,8,6,16,1,0,
Line38=27,9,7,12,13,14,5,8,6,0,16,1,20,21,
Line39=28,9,7,12,13,14,5,0,6,8,16,1,20,21,
Line40=29,9,7,12,13,14,5,0,6,8,16,1,20,21,
Line41=33,9,7,12,13,14,5,0,6,8,16,1,20,21,
Line42=34,9,7,12,13,14,5,8,6,16,1,0,20,21,
Line43=35,9,7,12,13,14,5,8,6,16,1,0,20,21,
Line44=36,9,7,12,13,14,5,8,6,16,1,0,20,21,
Line45=37,9,7,12,13,14,5,8,6,16,1,0,20,21,
Line46=38,9,7,12,13,14,5,8,6,16,1,0,20,21,
Line47=79,8,6,12,13,14,16,1,5,0,9,7,20,21,
Line48=80,8,6,12,13,14,16,1,5,0,9,7,20,21,
Line49=81,8,6,12,13,14,16,1,5,0,9,7,20,21,
Line50=82,8,6,12,13,14,16,1,5,0,9,7,20,21,

[MeleeWMagic]
TotalFrameBefore=80
Line1=3,14,13,1,16,6,5,7,9,12,8,0,20,21,
Line2=2,14,13,1,16,7,5,6,12,8,0,9,20,21,
Line3=4,14,13,1,16,6,5,7,12,8,0,9,20,21,
Line4=5,14,13,1,16,8,6,5,12,7,9,0,20,21,
Line5=6,6,14,13,1,16,5,12,8,0,7,9,20,21,
Line6=7,14,13,6,8,1,16,5,12,0,7,9,20,21,
Line7=8,14,13,1,16,7,5,6,12,8,0,9,20,21,
Line8=13,14,13,7,16,1,5,12,6,8,0,9,20,21,
Line9=14,14,13,16,1,5,12,7,6,8,0,9,20,21,
Line10=15,14,13,16,1,5,12,7,6,8,0,9,20,21,
Line11=16,14,13,16,1,5,12,6,8,7,0,9,20,21,
Line12=17,14,13,16,1,5,12,7,6,8,0,9,20,21,
Line13=18,14,13,7,16,1,5,12,6,8,0,9,20,21,
Line14=32,8,9,12,13,6,5,7,14,16,0,1,20,21,
Line15=33,9,12,8,13,6,5,7,14,16,0,1,20,21,
Line16=25,7,12,13,14,5,16,1,0,6,8,9,20,21,
Line17=26,7,12,13,14,5,16,1,0,6,8,9,20,21,
Line18=27,7,12,13,14,5,16,1,0,6,8,9,20,21,
Line19=43,12,13,8,9,7,5,6,14,16,0,1,20,21,
Line20=44,9,12,13,8,7,5,6,14,16,0,1,20,21,
Line21=45,9,12,13,8,7,5,6,14,16,0,1,20,21,
Line22=46,9,12,13,7,5,8,6,14,16,0,1,20,21,
Line23=47,9,12,13,7,5,8,6,14,16,0,1,20,21,
Line24=48,12,13,9,8,7,5,6,14,16,0,1,20,21,
Line25=49,12,13,8,6,9,5,14,7,16,0,1,20,21,
Line26=52,8,6,12,13,5,14,16,0,1,7,9,20,21,
Line27=53,8,6,12,13,9,7,5,14,16,0,1,20,21,
Line28=54,8,6,12,13,9,7,5,14,16,0,1,20,21,
Line29=55,8,6,12,13,9,7,5,14,16,0,1,20,21,
Line30=56,8,6,12,13,9,7,5,14,16,0,1,20,21,
Line31=12,14,13,9,7,5,12,6,8,0,16,1,20,21,
Line32=61,8,6,12,13,14,16,1,5,0,7,9,20,21,
Line33=62,8,6,12,13,14,16,1,5,0,7,9,20,21,
Line34=72,14,13,16,1,8,6,5,12,0,7,9,20,21,
Line35=58,8,6,12,13,5,14,7,16,0,1,9,20,21,
Line36=59,8,6,12,13,5,14,16,0,1,9,7,20,21,
Line37=51,8,6,12,13,5,14,16,0,1,9,7,20,21,
Line38=42,12,13,8,6,5,14,16,0,1,7,9,20,21,
Line39=41,12,13,8,6,5,14,16,0,1,7,9,20,21,
Line40=40,12,13,8,6,5,14,7,16,0,1,9,20,21,
Line41=31,9,7,12,13,5,14,0,8,6,16,1,20,21,
Line42=32,9,7,12,13,5,14,16,0,1,8,6,20,21,
Line43=33,9,7,12,13,5,14,16,0,1,8,6,20,21,
Line44=39,9,7,12,13,5,14,0,8,6,16,1,20,21,
Line45=37,9,7,12,13,5,14,16,0,1,8,6,20,21,
Line46=36,9,7,12,13,5,14,16,0,1,8,6,20,21,
Line47=35,9,7,12,13,5,14,16,0,1,8,6,20,21,
Line48=39,9,7,12,13,5,14,16,0,1,8,6,20,21,
Line49=73,14,13,8,6,5,12,0,9,7,16,1,20,21,
Line50=74,14,13,8,6,5,16,1,12,0,9,7,20,21,
Line51=75,14,13,8,6,5,16,1,12,0,9,7,20,21,
Line52=76,14,13,8,6,5,16,1,12,0,9,7,20,21,
Line53=77,14,13,8,6,5,16,1,12,0,9,7,20,21,
Line54=63,8,6,12,13,14,5,0,9,7,16,1,20,21,
Line55=64,8,6,12,13,14,5,0,9,7,16,1,20,21,
Line56=65,8,6,12,13,14,5,0,9,7,16,1,20,21,
Line57=66,8,6,12,13,14,5,0,9,7,16,1,20,21,
Line58=67,8,6,12,13,14,5,0,9,7,16,1,20,21,
Line59=30,9,7,12,13,5,14,8,6,16,1,0,20,21,
Line60=22,9,7,12,13,14,5,0,6,8,16,1,20,21,
Line61=57,8,6,12,13,5,14,7,16,1,0,9,20,21,

[RangeWFightStand]
TotalFrameBefore=80
Dir1=-1,12,13,8,7,5,14,6,16,9,1,0,20,21,
Dir2=-1,14,13,7,16,5,1,9,12,6,8,0,20,21,
Dir5=-1,9,12,13,8,6,5,14,16,1,0,7,20,21,
Dir6=-1,8,6,12,13,14,5,16,1,0,7,9,20,21,
Line1=39,9,7,12,13,5,14,0,8,6,16,1,20,21,
Line2=7,16,1,12,13,8,7,5,14,6,9,0,20,21,
Line3=6,16,1,12,13,8,7,5,14,6,9,0,20,21,
Line4=5,16,1,12,13,8,7,5,14,6,9,0,20,21,
Line5=4,16,1,12,13,8,7,5,14,6,9,0,20,21,
Line6=3,16,1,12,13,8,7,5,14,6,9,0,20,21,
Line7=2,16,1,12,13,8,7,5,14,6,9,0,20,21,
Line8=1,16,1,12,13,8,7,5,14,6,9,0,20,21,
Line9=0,16,1,12,13,8,7,5,14,6,9,0,20,21,
Line10=8,16,1,12,13,8,7,5,14,6,9,0,20,21,
Line11=31,9,7,12,13,5,14,0,8,6,16,1,20,21,
Line12=32,9,7,12,13,5,14,0,8,6,16,1,20,21,
Line13=33,9,7,12,13,5,14,0,8,6,16,1,20,21,
Line14=34,9,7,12,13,5,14,0,8,6,16,1,20,21,
Line15=35,9,7,12,13,5,14,0,8,6,16,1,20,21,
Line16=36,9,7,12,13,5,14,0,8,6,16,1,20,21,
Line17=37,9,7,12,13,5,14,0,8,6,16,1,20,21,
Line18=38,9,7,12,13,5,14,0,8,6,16,1,20,21,
Line19=39,9,7,12,13,5,14,16,0,1,8,6,20,21,
Line20=48,9,12,13,8,6,5,14,7,16,0,1,20,21,
Line21=49,9,12,13,8,6,5,14,7,16,0,1,20,21,
Line22=47,9,12,13,8,6,5,14,7,16,0,1,20,21,
Line23=46,9,12,13,8,6,5,14,7,16,0,1,20,21,
Line24=45,9,12,13,8,6,5,14,7,16,0,1,20,21,
Line25=44,9,12,13,8,6,5,14,7,16,0,1,20,21,
Line26=43,9,12,13,8,6,5,14,7,16,0,1,20,21,
Line27=50,8,6,12,13,14,5,7,16,0,1,9,20,21,
Line28=41,9,12,13,8,6,5,14,7,16,0,1,20,21,
Line29=40,9,12,13,8,6,5,14,7,16,0,1,20,21,
Line30=52,8,6,12,13,14,5,16,0,1,7,9,20,21,
Line31=53,8,6,12,13,14,5,16,0,1,7,9,20,21,
Line32=54,8,6,12,13,14,5,16,0,1,7,9,20,21,
Line33=55,8,6,12,13,14,5,16,0,1,7,9,20,21,
Line34=56,8,6,12,13,14,5,16,0,1,7,9,20,21,
Line35=57,8,6,12,13,14,5,16,0,1,7,9,20,21,
Line36=58,8,6,12,13,14,5,16,0,1,7,9,20,21,
Line37=59,8,6,12,13,14,5,16,0,1,7,9,20,21,
Line38=9,16,12,13,8,7,5,14,6,9,1,0,20,21,
Line39=20,9,7,12,13,14,5,0,6,8,16,1,20,21,
Line40=21,9,7,12,13,14,5,0,6,8,16,1,20,21,
Line41=22,9,7,12,13,14,5,0,6,8,16,1,20,21,
Line42=23,9,7,12,13,14,5,0,6,8,16,1,20,21,
Line43=24,9,7,12,13,14,5,0,6,8,16,1,20,21,
Line44=25,9,7,12,13,14,5,0,6,8,16,1,20,21,
Line45=26,9,7,12,13,14,5,0,6,8,16,1,20,21,
Line46=27,9,7,12,13,14,5,0,6,8,16,1,20,21,
Line47=28,9,7,12,13,14,5,0,6,8,16,1,20,21,
Line48=29,9,7,12,13,14,5,0,6,8,16,1,20,21,
Line49=30,9,7,12,13,5,14,0,8,6,16,1,20,21,
Line50=60,8,6,12,13,14,5,16,1,0,7,9,20,21,
Line51=61,8,6,12,13,14,5,16,1,0,7,9,20,21,
Line52=62,8,6,12,13,14,5,16,1,0,7,9,20,21,
Line53=63,8,6,12,13,14,5,16,1,0,7,9,20,21,
Line54=64,8,6,12,13,14,5,16,1,0,7,9,20,21,
Line55=65,8,6,12,13,14,5,16,1,0,7,9,20,21,
Line56=66,8,6,12,13,14,5,16,1,0,7,9,20,21,
Line57=67,8,6,12,13,14,5,16,1,0,7,9,20,21,
Line58=68,8,6,12,13,14,5,16,1,0,7,9,20,21,
Line59=69,8,6,12,13,14,5,16,1,0,7,9,20,21,
Line60=70,14,13,16,1,21,20,8,6,5,12,0,7,9,
Line61=71,14,13,16,1,20,21,8,6,5,12,0,7,9,
Line62=72,14,13,16,1,20,21,8,6,5,12,0,7,9,
Line63=73,14,13,16,1,20,21,8,6,5,12,0,7,9,
Line64=74,14,13,16,1,20,21,8,6,5,12,0,7,9,
Line65=75,14,13,16,1,20,21,8,6,5,12,0,7,9,
Line66=76,14,13,16,1,20,21,8,6,5,12,0,7,9,
Line67=77,14,13,16,1,20,21,8,6,5,12,0,7,9,
Line68=78,14,13,16,1,20,21,8,6,5,12,0,7,9,
Line69=79,14,13,16,1,20,21,8,6,5,12,0,7,9,

[RangeWNormalStand]
TotalFrameBefore=80
Dir1=-1,14,13,1,16,7,9,5,6,12,8,0,20,21,
Dir4=-1,12,13,5,7,14,16,1,0,8,6,9,20,21,
Dir5=-1,12,13,8,6,5,14,16,1,0,9,7,20,21,
Dir8=-1,20,21,14,13,16,1,9,8,6,5,12,0,7,
Line1=57,8,6,12,13,5,14,7,16,0,1,9,20,21,
Line2=58,8,6,12,13,5,14,7,16,0,1,9,20,21,
Line3=59,8,6,12,13,5,14,7,16,0,1,9,20,21,
Line4=56,8,6,12,13,5,14,7,16,0,1,9,20,21,
Line5=49,12,13,8,6,5,14,7,16,0,1,9,20,21,
Line6=48,12,13,8,6,5,14,7,16,0,1,9,20,21,
Line7=47,12,13,8,6,5,14,7,16,0,1,9,20,21,
Line8=46,12,13,8,6,5,14,7,16,0,1,9,20,21,
Line9=45,12,13,8,6,5,14,7,16,0,1,9,20,21,
Line10=44,12,13,8,6,5,14,7,16,0,1,9,20,21,
Line11=43,12,13,8,6,5,14,7,16,0,1,9,20,21,
Line12=42,12,13,8,6,5,14,7,16,0,1,9,20,21,
Line13=41,12,13,8,6,5,14,7,16,0,1,9,20,21,
Line14=40,12,13,8,6,5,14,7,16,0,1,9,20,21,
Line15=31,12,13,7,5,14,6,16,0,1,8,9,20,21,
Line16=32,12,13,7,5,14,6,16,0,1,8,9,20,21,
Line17=33,12,13,7,5,14,6,16,0,1,8,9,20,21,
Line18=34,12,13,7,5,14,6,16,0,1,8,9,20,21,
Line19=35,12,13,7,5,14,6,16,0,1,8,9,20,21,
Line20=36,12,13,7,5,14,6,16,0,1,8,9,20,21,
Line21=37,12,13,7,5,14,6,16,0,1,8,9,20,21,
Line22=38,12,13,7,5,14,6,16,0,1,8,9,20,21,
Line23=39,12,13,7,5,14,6,16,0,1,8,9,20,21,
Line24=30,12,13,7,5,14,6,16,0,1,8,9,20,21,
Line25=50,8,6,12,13,5,14,7,16,0,1,9,20,21,
Line26=51,8,6,12,13,5,14,7,16,0,1,9,20,21,
Line27=52,8,6,12,13,5,14,7,16,0,1,9,20,21,
Line28=53,8,6,12,13,5,14,7,16,0,1,9,20,21,
Line29=54,8,6,12,13,5,14,7,16,0,1,9,20,21,
Line30=55,8,6,12,13,5,14,7,16,0,1,9,20,21,

[FreeNormalStand]
TotalFrameBefore=80
Dir1=-1,20,21,14,13,1,16,7,9,5,6,12,8,0,
Dir2=-1,14,13,16,20,21,9,7,5,0,1,12,8,6,
Dir4=-1,12,13,5,7,14,16,1,0,8,6,9,20,21,
Dir5=-1,12,13,8,6,5,14,16,1,0,9,7,20,21,
Dir8=-1,20,21,9,14,13,16,1,8,6,5,12,0,7,
Line1=42,12,13,8,6,5,14,7,16,0,1,9,20,21,
Line2=49,12,13,8,6,5,14,7,16,0,1,9,20,21,
Line3=48,12,13,8,6,5,14,7,16,0,1,9,20,21,
Line4=47,12,13,8,6,5,14,7,16,0,1,9,20,21,
Line5=46,12,13,8,6,5,14,7,16,0,1,9,20,21,
Line6=45,12,13,8,6,5,14,7,16,0,1,9,20,21,
Line7=44,12,13,8,6,5,14,7,16,0,1,9,20,21,
Line8=43,12,13,8,6,5,14,7,16,0,1,9,20,21,
Line9=40,12,13,8,6,5,14,7,16,0,1,9,20,21,
Line10=41,12,13,8,6,5,14,7,16,0,1,9,20,21,
Line11=57,8,6,12,13,5,14,16,0,1,9,7,20,21,
Line12=58,8,6,12,13,5,14,16,0,1,9,7,20,21,
Line13=59,8,6,12,13,5,14,16,0,1,9,7,20,21,
Line14=56,8,6,12,13,5,14,16,0,1,9,7,20,21,
Line15=55,8,6,12,13,5,14,16,0,1,9,7,20,21,
Line16=54,8,6,12,13,5,14,16,0,1,9,7,20,21,
Line17=53,8,6,12,13,5,14,16,0,1,9,7,20,21,
Line18=52,8,6,12,13,5,14,16,0,1,9,7,20,21,
Line19=51,8,6,12,13,5,14,16,0,1,9,7,20,21,
Line20=50,8,6,12,13,5,14,16,0,1,9,7,20,21,
Line21=34,12,13,9,7,5,14,6,16,0,1,8,20,21,
Line22=35,12,13,9,7,5,14,6,16,0,1,8,20,21,
Line23=36,12,13,9,7,5,14,6,16,0,1,8,20,21,
Line24=37,12,13,9,7,5,14,6,16,0,1,8,20,21,
Line25=38,12,13,9,7,5,14,6,16,0,1,8,20,21,
Line26=39,12,13,9,7,5,14,6,16,0,1,8,20,21,
Line27=33,12,13,9,7,5,14,6,16,0,1,8,20,21,
Line28=32,12,13,9,7,5,14,6,16,0,1,8,20,21,
Line29=31,12,13,9,7,5,14,6,16,0,1,8,20,21,
Line30=30,12,13,9,7,5,14,6,16,0,1,8,20,21,
Line31=70,14,13,16,1,8,6,5,12,0,7,9,20,21,
Line32=71,14,13,16,1,8,6,5,12,0,7,9,20,21,
Line33=72,14,13,16,1,8,6,5,12,0,7,9,20,21,
Line34=73,14,13,16,1,8,6,5,12,0,7,9,20,21,
Line35=74,14,13,16,1,8,6,5,12,0,7,9,20,21,
Line36=75,14,13,16,1,8,6,5,12,0,7,9,20,21,
Line37=76,14,13,16,1,8,6,5,12,0,7,9,20,21,
Line38=77,14,13,16,1,8,6,5,12,0,7,9,20,21,
Line39=78,14,13,16,1,8,6,5,12,0,7,9,20,21,
Line40=79,14,13,16,1,8,6,5,12,0,7,9,20,21,

[RangeWWalk]
TotalFrameBefore=96
Dir4=-1,7,12,13,5,14,16,1,0,8,6,9,20,21,
Dir5=-1,12,13,8,6,5,14,16,1,0,9,7,20,21,
Dir8=-1,20,21,9,14,13,16,1,8,6,5,12,0,7,
Line1=50,12,13,8,6,5,14,7,16,0,1,9,20,21,
Line2=51,12,13,8,6,5,14,7,16,0,1,9,20,21,
Line3=52,12,13,8,6,5,14,7,16,0,1,9,20,21,
Line4=53,12,13,8,6,5,14,7,16,0,1,9,20,21,
Line5=54,12,13,8,6,5,14,7,16,0,1,9,20,21,
Line6=55,12,13,8,6,5,14,7,16,0,1,9,20,21,
Line7=56,12,13,8,6,5,14,7,16,0,1,9,20,21,
Line8=57,12,13,8,6,5,14,7,16,0,1,9,20,21,
Line9=58,12,13,8,6,5,14,7,16,0,1,9,20,21,
Line10=59,12,13,8,6,5,14,7,16,0,1,9,20,21,
Line11=49,12,13,8,6,5,14,7,16,0,1,9,20,21,
Line12=48,12,13,8,6,5,14,7,16,0,1,9,20,21,
Line13=47,7,12,13,5,14,6,16,0,1,8,9,20,21,
Line14=38,7,12,13,5,14,6,16,0,1,8,9,20,21,
Line15=39,7,12,13,5,14,6,16,0,1,8,9,20,21,
Line16=40,7,12,13,5,14,6,16,0,1,8,9,20,21,
Line17=41,7,12,13,5,14,6,16,0,1,8,9,20,21,
Line18=42,7,12,13,5,14,6,16,0,1,8,9,20,21,
Line19=43,7,12,13,5,14,6,16,0,1,8,9,20,21,
Line20=44,7,12,13,5,14,6,16,0,1,8,9,20,21,
Line21=45,7,12,13,5,14,6,16,0,1,8,9,20,21,
Line22=46,7,12,13,5,14,6,16,0,1,8,9,20,21,
Line23=64,8,6,12,13,5,14,7,16,0,1,9,20,21,
Line24=65,8,6,12,13,5,14,7,16,0,1,9,20,21,
Line25=66,8,6,12,13,5,14,7,16,0,1,9,20,21,
Line26=67,8,6,12,13,5,14,7,16,0,1,9,20,21,
Line27=68,8,6,12,13,5,14,7,16,0,1,9,20,21,
Line28=69,8,6,12,13,5,14,7,16,0,1,9,20,21,
Line29=71,8,6,12,13,5,14,7,16,0,1,9,20,21,
Line30=61,8,6,12,13,5,14,7,16,0,1,9,20,21,
Line31=62,8,6,12,13,5,14,7,16,0,1,9,20,21,
Line32=63,8,6,12,13,5,14,7,16,0,1,9,20,21,
Line33=60,8,6,12,13,5,14,7,16,0,1,9,20,21,
Line34=11,14,13,1,16,9,7,6,5,12,8,0,20,21,
Line35=10,14,13,1,16,9,7,6,5,12,8,0,20,21,
Line36=9,14,13,1,16,9,7,6,5,12,8,0,20,21,
Line37=8,14,13,1,16,9,7,6,5,12,8,0,20,21,
Line38=7,14,13,1,16,9,7,6,5,12,8,0,20,21,
Line39=6,14,13,1,16,9,7,6,5,12,8,0,20,21,
Line40=5,14,13,1,16,9,7,6,5,12,8,0,20,21,
Line41=4,14,13,1,16,9,7,6,5,12,8,0,20,21,
Line42=3,14,13,1,16,9,7,6,5,12,8,0,20,21,
Line43=2,14,13,1,16,9,7,6,5,12,8,0,20,21,
Line44=1,14,13,1,16,9,7,6,5,12,8,0,20,21,
Line45=0,14,13,1,16,9,7,6,5,12,8,0,20,21,
Line46=84,14,13,16,1,8,6,5,9,12,0,7,20,21,
Line47=85,14,13,16,1,8,6,5,9,12,0,7,20,21,
Line48=86,14,13,16,1,8,6,5,9,12,0,7,20,21,
Line49=87,14,13,16,1,8,6,5,9,12,0,7,20,21,
Line50=88,14,13,16,1,8,6,5,9,12,0,7,20,21,
Line51=89,14,13,16,1,8,6,5,9,12,0,7,20,21,
Line52=90,14,13,16,1,8,6,5,9,12,0,7,20,21,
Line53=91,14,13,16,1,8,6,5,9,12,0,7,20,21,
Line54=92,14,13,16,1,8,6,5,9,12,0,7,20,21,
Line55=93,14,13,16,1,8,6,5,9,12,0,7,20,21,
Line56=94,14,13,16,1,8,6,5,9,12,0,7,20,21,
Line57=95,14,13,16,1,8,6,5,9,12,0,7,20,21,
Line58=70,8,6,12,13,5,14,7,16,1,0,9,20,21,
Line59=36,7,12,13,5,14,6,16,0,1,8,9,20,21,
Line60=37,7,12,13,5,14,6,16,0,1,8,9,20,21,

[RangeWRun]
TotalFrameBefore=128
Dir4=-1,7,12,13,5,14,16,1,0,8,6,9,20,21,
Dir6=-1,8,6,12,13,5,14,16,1,0,9,7,20,21,
Dir7=-1,13,6,8,5,12,20,16,1,0,14,7,9,21,
Line1=15,14,13,1,16,9,7,6,5,12,8,0,20,21,
Line2=14,14,13,1,16,9,7,6,5,12,8,0,20,21,
Line3=54,7,12,13,5,14,6,16,0,1,8,9,20,21,
Line4=55,7,12,13,5,14,6,16,0,1,8,9,20,21,
Line5=56,7,12,13,5,14,6,16,0,1,8,9,20,21,
Line6=57,7,12,13,5,14,6,16,0,1,8,9,20,21,
Line7=58,7,12,13,5,14,6,16,0,1,8,9,20,21,
Line8=59,7,12,13,5,14,6,16,0,1,8,9,20,21,
Line9=60,7,12,13,5,14,6,16,0,1,8,9,20,21,
Line10=61,7,12,13,5,14,6,16,0,1,8,9,20,21,
Line11=62,7,12,13,5,14,6,16,0,1,8,9,20,21,
Line12=63,7,12,13,5,14,6,16,0,1,8,9,20,21,
Line13=76,12,13,8,6,5,14,7,16,0,1,9,20,21,
Line14=77,12,13,8,6,5,14,7,16,0,1,9,20,21,
Line15=78,12,13,8,6,5,14,7,16,0,1,9,20,21,
Line16=79,12,13,8,6,5,14,7,16,0,1,9,20,21,
Line17=75,12,13,8,6,5,14,7,16,0,1,9,20,21,
Line18=74,12,13,8,6,5,14,7,16,0,1,9,20,21,
Line19=73,12,13,8,6,5,14,7,16,0,1,9,20,21,
Line20=72,12,13,8,6,5,14,7,16,0,1,9,20,21,
Line21=71,12,13,8,6,5,14,7,16,0,1,9,20,21,
Line22=70,12,13,8,6,5,14,7,16,0,1,9,20,21,
Line23=69,12,13,8,6,5,14,7,16,0,1,9,20,21,
Line24=68,12,13,8,6,5,14,7,16,0,1,9,20,21,
Line25=67,12,13,8,6,5,14,7,16,0,1,9,20,21,
Line26=66,12,13,8,6,5,14,7,16,0,1,9,20,21,
Line27=65,12,13,8,6,5,14,7,16,0,1,9,20,21,
Line28=64,12,13,8,6,5,14,7,16,0,1,9,20,21,
Line29=0,14,13,1,16,9,7,6,5,12,8,0,20,21,
Line30=1,14,13,1,16,9,7,6,5,12,8,0,20,21,
Line31=2,14,13,1,16,9,7,6,5,12,8,0,20,21,
Line32=3,14,13,1,16,9,7,6,5,12,8,0,20,21,
Line33=4,14,13,1,16,9,7,6,5,12,8,0,20,21,
Line34=5,14,13,1,16,9,7,6,5,12,8,0,20,21,
Line35=6,14,13,1,16,9,7,6,5,12,8,0,20,21,
Line36=48,7,12,13,5,14,6,16,0,1,8,9,20,21,
Line37=49,7,12,13,5,14,6,16,0,1,8,9,20,21,
Line38=50,7,12,13,5,14,6,16,0,1,8,9,20,21,
Line39=51,7,12,13,5,14,6,16,0,1,8,9,20,21,
Line40=52,7,12,13,5,14,6,16,0,1,8,9,20,21,
Line41=53,7,12,13,5,14,6,16,0,1,8,9,20,21,
Line42=80,8,6,12,13,5,14,7,16,0,1,9,20,21,
Line43=81,8,6,12,13,5,14,7,16,0,1,9,20,21,
Line44=82,8,6,12,13,5,14,7,16,0,1,9,20,21,
Line45=83,8,6,12,13,5,14,7,16,0,1,9,20,21,
Line46=94,8,6,12,13,5,14,7,16,0,1,9,20,21,
Line47=95,8,6,12,13,5,14,7,16,0,1,9,20,21,
Line48=84,8,6,12,13,5,14,7,16,0,1,9,20,21,
Line49=85,8,6,12,13,5,14,7,16,0,1,9,20,21,
Line50=86,8,6,12,13,5,14,7,16,0,1,9,20,21,

[RangeWWound]
TotalFrameBefore=64
Dir1=-1,14,13,1,16,7,5,6,12,8,0,9,20,21,
Dir2=-1,14,13,7,16,5,1,9,12,6,8,0,20,21,
Dir5=-1,9,12,13,8,6,5,14,16,1,0,7,20,21,
Dir7=-1,13,6,8,5,12,20,16,1,0,14,7,9,21,
Line1=35,9,12,13,8,6,5,14,7,16,0,1,20,21,
Line2=36,9,12,13,8,6,5,14,7,16,0,1,20,21,
Line3=37,9,12,13,8,6,5,14,7,16,0,1,20,21,
Line4=38,9,12,13,8,6,5,14,7,16,0,1,20,21,
Line5=39,9,12,13,8,6,5,14,7,16,0,1,20,21,
Line6=34,9,12,13,8,6,5,14,7,16,0,1,20,21,
Line7=33,9,12,13,8,6,5,14,7,16,0,1,20,21,
Line8=32,9,12,13,8,6,5,14,0,7,16,1,20,21,
Line9=25,9,7,12,13,5,14,0,8,6,16,1,20,21,
Line10=24,9,7,12,13,5,14,0,8,6,16,1,20,21,
Line11=26,9,7,12,13,5,14,0,8,6,16,1,20,21,
Line12=27,9,7,12,13,5,14,0,8,6,16,1,20,21,
Line13=28,9,7,12,13,5,14,0,8,6,16,1,20,21,
Line14=29,9,7,12,13,5,14,0,8,6,16,1,20,21,
Line15=30,9,7,12,13,5,14,0,8,6,16,1,20,21,
Line16=31,9,7,12,13,5,14,0,8,6,16,1,20,21,
Line17=18,9,7,12,13,14,5,0,6,8,16,1,20,21,
Line18=19,9,7,12,13,14,5,0,6,8,16,1,20,21,
Line19=20,9,7,12,13,14,5,0,6,8,16,1,20,21,
Line20=16,9,7,12,13,14,5,0,6,8,16,1,20,21,
Line21=17,9,7,12,13,14,5,0,6,8,16,1,20,21,
Line22=21,9,7,12,13,14,5,0,6,8,16,1,20,21,
Line23=22,9,7,12,13,14,5,0,6,8,16,1,20,21,
Line24=23,9,7,12,13,14,5,0,6,8,16,1,20,21,
Line25=40,8,6,12,13,5,14,16,0,1,9,7,20,21,
Line26=45,8,6,12,13,5,14,9,7,16,1,0,20,21,
Line27=46,8,6,12,13,5,14,7,16,9,1,0,20,21,
Line28=47,8,6,12,13,5,14,7,9,16,1,0,20,21,
Line29=56,14,13,16,1,8,6,5,12,0,7,9,20,21,
Line30=57,14,13,16,1,8,6,5,12,0,7,9,20,21,
Line31=58,14,13,16,1,8,6,5,12,0,7,9,20,21,
Line32=59,14,13,16,1,8,6,5,12,0,7,9,20,21,
Line33=60,14,13,16,1,8,6,5,12,0,7,9,20,21,
Line34=61,14,13,16,1,8,6,5,12,0,7,9,20,21,
Line35=62,14,13,16,1,8,6,5,12,0,7,9,20,21,
Line36=63,14,13,16,1,8,6,5,12,0,7,9,20,21,

[RangeWDie]
TotalFrameBefore=104
Dir1=-1,14,13,1,16,7,5,6,12,8,0,9,
Dir2=-1,14,13,7,16,5,1,12,6,8,0,9,
Dir3=-1,9,7,12,13,14,5,16,1,0,6,8,
Dir4=-1,9,7,12,13,5,14,16,1,0,8,6,
Dir5=-1,9,12,13,8,6,5,14,16,1,0,7,
Dir6=-1,8,6,12,13,5,14,16,1,0,9,7,
Dir7=-1,8,6,12,13,14,5,16,1,0,9,7,
Dir8=-1,14,13,16,1,8,6,5,12,0,9,7,
Line1=70,8,6,9,12,13,5,14,16,1,0,7,
Line2=72,8,6,12,13,9,5,14,16,1,0,7,
Line3=59,9,12,13,8,6,5,14,7,16,0,1,
Line4=60,9,12,13,8,6,14,16,0,5,1,7,
Line5=61,9,12,13,8,6,14,16,0,5,1,7,
Line6=62,9,12,13,8,6,14,16,0,5,1,7,
Line7=63,9,12,13,8,6,14,16,1,0,5,7,
Line8=64,9,12,13,8,6,14,16,1,0,5,7,
Line9=46,9,7,12,13,5,14,16,0,1,8,6,
Line10=47,9,7,12,13,14,0,8,5,6,16,1,
Line11=48,9,7,12,13,14,0,5,8,6,16,1,
Line12=49,9,7,12,13,14,0,5,8,6,16,1,
Line13=50,9,7,12,13,14,0,5,8,6,16,1,
Line14=51,9,7,12,13,14,0,5,8,6,16,1,
Line15=39,9,7,12,13,5,14,16,0,1,8,6,
Line16=40,9,7,12,13,5,14,16,0,1,8,6,
Line17=41,9,7,12,13,5,14,16,0,1,8,6,
Line18=42,9,7,12,13,5,14,16,0,1,8,6,
Line19=43,9,7,12,13,5,14,16,0,1,8,6,
Line20=44,9,7,12,13,5,14,16,0,1,8,6,
Line21=45,9,7,12,13,5,14,16,0,1,8,6,
Line22=52,9,12,13,8,6,5,14,7,16,0,1,
Line23=53,9,12,13,8,6,5,14,7,16,0,1,
Line24=56,9,12,13,8,6,5,14,7,16,0,1,
Line25=57,9,12,13,8,6,5,14,7,16,0,1,
Line26=58,9,12,13,8,6,5,14,7,16,0,1,
Line27=91,14,13,16,1,8,6,5,12,0,7,9,
Line28=92,14,13,16,1,8,6,5,12,0,7,9,
Line29=93,14,13,16,1,8,6,5,12,0,7,9,
Line30=94,14,13,16,1,8,6,5,12,0,7,9,
Line31=95,14,13,16,1,8,6,5,12,0,7,9,
Line32=96,14,13,16,1,8,6,5,12,0,7,9,
Line33=99,14,13,8,6,5,12,0,7,9,16,1,
Line34=100,14,13,8,6,5,12,0,7,9,16,1,
Line35=98,14,13,8,6,5,12,0,9,1,7,16,
Line36=101,14,13,8,6,5,12,0,9,7,16,1,
Line37=102,14,13,8,6,5,12,0,9,7,16,1,
Line38=103,14,13,8,6,5,12,0,9,7,16,1,
Line39=79,8,6,12,13,14,16,1,5,0,9,7,
Line40=80,8,6,12,13,14,16,1,5,0,9,7,
Line41=54,9,12,13,8,6,5,14,7,16,1,0,
Line42=55,9,12,13,8,6,5,14,7,16,1,0,
Line43=18,14,13,7,5,12,6,8,0,9,16,1,
Line44=19,14,13,7,5,12,6,8,0,9,16,1,
Line45=20,14,13,7,5,12,6,8,0,9,16,1,
Line46=21,14,13,7,5,12,6,8,0,9,16,1,
Line47=22,14,13,7,5,12,6,8,0,9,16,1,
Line48=23,14,13,7,5,12,6,8,0,9,16,1,
Line49=24,14,13,7,5,12,6,8,0,9,16,1,
Line50=25,14,13,7,5,12,6,8,0,9,16,1,
Line51=6,14,13,1,7,5,6,12,8,0,9,16,
Line52=7,14,13,7,5,6,12,8,0,9,16,1,
Line53=8,14,13,7,5,6,12,8,0,9,16,1,
Line54=9,14,13,7,5,6,12,8,0,9,16,1,
Line55=10,14,13,7,5,6,12,8,0,9,16,1,
Line56=11,14,13,7,5,6,12,8,0,9,16,1,
Line57=12,14,13,7,5,6,12,8,0,9,16,1,

[RangeWPuncture]
TotalFrameBefore=80
Dir1=-1,20,21,14,13,1,16,6,5,7,12,8,0,9,
Dir2=-1,14,13,21,16,20,5,1,7,12,8,6,0,9,
Dir3=-1,7,12,13,14,5,16,1,0,6,8,9,20,21,
Dir4=-1,7,12,13,5,14,16,1,0,8,9,6,20,21,
Dir6=-1,9,8,6,12,13,5,14,16,1,0,7,20,21,
Dir7=-1,13,6,8,5,12,20,16,1,0,14,7,9,21,
Line1=18,14,13,16,7,1,5,6,12,8,0,9,20,21,
Line2=19,14,13,16,1,7,5,6,12,8,0,9,20,21,
Line3=20,9,7,12,13,14,5,16,1,0,6,8,20,21,
Line4=29,7,12,13,14,9,5,16,1,0,6,8,20,21,
Line5=30,9,7,12,13,5,14,0,8,6,16,1,20,21,
Line6=31,9,7,12,13,5,14,0,8,6,16,1,20,21,
Line7=38,9,7,12,13,5,14,0,8,6,16,1,20,21,
Line8=39,9,7,12,13,5,14,0,8,6,16,1,20,21,
Line9=40,9,12,13,8,6,5,14,0,7,16,1,20,21,
Line10=41,9,12,13,8,6,5,14,0,7,16,1,20,21,
Line11=42,7,12,13,8,5,14,0,9,6,16,1,20,21,
Line12=43,7,12,13,8,5,14,0,9,6,16,1,20,21,
Line13=44,7,12,13,8,5,14,0,6,9,1,16,20,21,
Line14=45,12,13,8,7,5,14,6,0,9,1,16,20,21,
Line15=46,12,13,8,5,7,14,6,0,9,1,16,20,21,
Line16=47,9,7,12,13,8,5,6,14,16,0,1,20,21,
Line17=48,9,7,12,13,8,6,5,14,16,0,1,20,21,
Line18=49,9,12,13,8,6,5,14,0,7,16,1,20,21,
Line19=52,9,8,12,13,7,5,6,14,16,0,1,20,21,
Line20=53,9,8,12,13,7,5,6,14,0,16,1,20,21,
Line21=54,9,8,7,12,13,5,14,6,16,0,1,20,21,
Line22=55,7,9,8,6,12,13,5,14,16,0,1,20,21,
Line23=56,9,8,7,12,13,5,14,16,6,0,1,20,21,
Line24=60,8,6,12,13,14,5,16,1,0,7,9,20,21,
Line25=69,8,6,12,13,14,5,16,1,0,7,9,20,21,
Line26=72,9,14,13,8,6,5,12,1,0,7,16,20,21,
Line27=73,9,14,13,8,6,5,12,0,7,1,16,20,21,
Line28=74,9,14,13,8,6,5,12,0,7,16,1,20,21,
Line29=75,14,9,13,8,6,5,12,0,7,16,1,20,21,
Line30=76,14,9,13,8,6,5,12,0,7,16,1,20,21,
Line31=0,14,13,1,16,7,5,12,6,8,0,9,20,21,
Line32=10,14,13,16,1,7,5,6,12,8,0,9,20,21,
Line33=11,14,13,16,1,7,5,6,12,8,0,9,20,21,
Line34=17,14,13,16,1,7,5,6,12,8,0,9,20,21,
Line35=57,9,8,6,12,13,5,14,7,16,0,1,20,21,
Line36=50,9,8,6,12,13,5,14,16,0,1,7,20,21,
Line37=51,9,8,6,12,13,5,14,0,7,16,1,20,21,
Line38=58,9,8,6,12,13,5,14,7,16,0,1,20,21,
Line39=59,9,8,6,12,13,5,14,16,0,1,7,20,21,
Line40=33,7,12,13,5,14,16,0,1,8,9,6,20,21,
Line41=34,7,12,13,5,14,16,0,1,8,9,6,20,21,
Line42=36,7,12,13,5,14,16,0,1,8,9,6,20,21,
Line43=37,7,12,13,5,14,0,8,9,6,16,1,20,21,
Line44=22,7,12,13,14,16,1,5,0,6,8,9,20,21,
Line45=23,7,12,13,14,16,1,5,0,6,8,9,20,21,
Line46=24,7,12,13,14,16,1,5,0,6,8,9,20,21,
Line47=25,7,12,13,14,16,1,5,0,6,8,9,20,21,
Line48=26,7,12,13,14,16,1,5,0,6,8,9,20,21,
Line49=62,9,8,6,12,13,14,5,7,16,1,0,20,21,
Line50=63,9,8,6,12,13,14,5,7,16,1,0,20,21,
Line51=64,9,8,6,12,13,14,5,7,16,1,0,20,21,
Line52=65,9,8,6,12,13,14,5,7,16,1,0,20,21,
Line53=66,9,8,6,12,13,14,5,7,16,1,0,20,21,
Line54=67,9,8,6,12,13,14,5,7,16,1,0,20,21,
Line55=79,14,13,16,1,8,6,5,12,0,7,9,20,21,
Line56=70,14,13,16,1,8,6,5,12,0,7,9,20,21,
Line57=71,14,13,16,1,8,6,5,12,0,7,9,20,21,
Line58=77,14,13,8,6,5,12,0,9,7,16,1,20,21,
Line59=78,14,13,16,1,8,6,5,12,0,7,9,20,21,

[RangeWCut]
TotalFrameBefore=72
Dir1=-1,20,21,14,13,1,16,7,5,6,12,8,0,9,
Dir2=-1,14,13,21,7,16,20,5,1,12,6,8,0,9,
Dir5=-1,9,12,13,8,6,5,14,16,1,0,7,20,21,
Dir6=-1,9,8,6,12,7,13,5,14,16,1,0,20,21,
Dir7=-1,13,6,8,5,12,20,16,1,0,14,7,9,21,
Line1=10,9,14,13,7,16,1,5,12,6,8,0,20,21,
Line2=11,9,14,13,7,16,1,5,12,6,8,0,20,21,
Line3=14,14,13,16,1,6,5,12,8,0,9,7,20,21,
Line4=15,14,13,16,1,6,5,7,12,8,0,9,20,21,
Line5=22,7,12,13,14,5,16,1,0,6,8,9,20,21,
Line6=23,7,12,13,14,5,16,1,0,6,8,9,20,21,
Line7=24,7,12,13,14,5,16,1,0,6,8,9,20,21,
Line8=25,7,12,13,14,5,16,1,0,6,9,8,20,21,
Line9=29,9,7,12,6,13,5,14,16,0,1,8,20,21,
Line10=31,7,12,13,5,14,16,1,0,8,6,9,20,21,
Line11=32,7,12,13,5,14,16,1,0,8,6,9,20,21,
Line12=33,7,12,13,5,14,16,1,0,8,9,6,20,21,
Line13=34,7,12,13,5,14,16,0,1,8,6,9,20,21,
Line14=40,7,9,12,13,8,5,6,14,16,0,1,20,21,
Line15=41,7,12,13,8,5,6,14,16,0,1,9,20,21,
Line16=42,7,9,12,13,8,5,6,14,16,0,1,20,21,
Line17=43,7,9,12,13,8,6,5,14,16,0,1,20,21,
Line18=45,8,6,12,13,5,7,14,16,0,1,9,20,21,
Line19=46,8,6,12,13,5,7,14,16,0,1,9,20,21,
Line20=47,6,8,12,13,5,14,16,7,0,1,9,20,21,
Line21=48,6,8,12,13,5,14,16,7,9,0,1,20,21,
Line22=53,9,8,6,12,13,5,7,14,16,0,1,20,21,
Line23=54,8,6,12,13,14,5,16,1,0,7,9,20,21,
Line24=55,8,6,12,13,14,16,5,1,0,7,9,20,21,
Line25=56,8,6,12,13,14,16,1,5,0,7,9,20,21,
Line26=57,8,6,12,13,14,5,16,1,0,7,9,20,21,
Line27=62,8,6,12,13,14,5,16,1,0,7,9,20,21,
Line28=64,14,13,16,1,8,6,7,5,12,0,9,20,21,
Line29=65,14,13,16,1,8,7,5,12,0,6,9,20,21,
Line30=67,9,14,13,8,6,5,12,0,7,16,1,20,21,
Line31=68,9,14,13,8,6,5,12,0,7,16,1,20,21,
Line32=69,9,14,13,8,6,5,12,0,7,16,1,20,21,
Line33=4,14,13,1,16,9,6,5,7,12,8,0,20,21,
Line34=5,14,13,1,16,9,6,5,7,12,8,0,20,21,
Line35=6,14,13,1,16,6,5,9,7,12,8,0,20,21,
Line36=7,14,13,1,16,6,5,7,12,8,0,9,20,21,
Line37=13,14,13,16,1,5,7,12,6,8,0,9,20,21,
Line38=44,9,12,13,8,6,5,14,7,16,0,1,20,21,
Line39=39,9,12,13,8,6,5,14,16,0,1,7,20,21,
Line40=38,9,12,13,8,6,5,14,16,0,1,7,20,21,
Line41=37,9,12,13,8,6,5,14,16,0,1,7,20,21,
Line42=36,9,12,13,8,6,5,14,16,0,1,7,20,21,
Line43=30,9,7,12,13,5,14,0,8,6,16,1,20,21,
Line44=28,9,7,12,13,5,14,8,6,16,0,1,20,21,
Line45=27,9,7,12,13,5,14,8,6,16,0,1,20,21,
Line46=35,9,7,12,13,5,14,0,8,6,16,1,20,21,
Line47=51,9,8,6,12,7,13,5,14,16,0,1,20,21,
Line48=52,9,8,6,12,7,13,5,14,16,0,1,20,21,
Line49=50,9,8,6,12,7,13,5,14,16,0,1,20,21,
Line50=49,9,8,6,12,7,13,5,14,16,0,1,20,21,
Line51=71,14,13,16,1,8,6,5,12,0,7,9,20,21,
Line52=58,9,8,6,12,13,14,5,7,16,1,0,20,21,
Line53=59,9,8,6,12,13,14,5,7,16,1,0,20,21,
Line54=60,9,8,6,12,13,14,5,7,16,1,0,20,21,
Line55=18,9,7,12,13,14,5,0,6,8,16,1,20,21,
Line56=19,9,7,12,13,14,5,0,6,8,16,1,20,21,
Line57=20,9,7,12,13,14,5,0,6,8,16,1,20,21,
Line58=21,9,7,12,13,14,5,0,6,8,16,1,20,21,
Line59=26,7,12,13,14,5,16,1,0,6,8,9,20,21,

[RangeWMagic]
TotalFrameBefore=80
Dir1=-1,14,13,1,16,7,5,6,12,0,8,9,20,21,
Line1=50,8,6,12,13,5,14,16,0,1,9,7,20,21,
Line2=51,8,6,12,13,5,14,16,0,1,9,7,20,21,
Line3=52,8,6,12,13,5,14,16,0,1,9,7,20,21,
Line4=53,8,6,12,13,5,14,16,0,1,9,7,20,21,
Line5=54,8,6,12,13,5,14,0,9,7,16,1,20,21,
Line6=55,8,6,12,13,5,14,0,9,7,16,1,20,21,
Line7=56,8,6,12,13,5,14,0,9,7,16,1,20,21,
Line8=57,8,6,12,13,5,14,0,9,7,16,1,20,21,
Line9=58,8,6,12,13,5,14,0,9,7,16,1,20,21,
Line10=59,8,6,12,13,5,14,16,0,1,9,7,20,21,
Line11=40,12,13,8,6,9,5,14,0,7,16,1,20,21,
Line12=41,12,13,8,6,5,14,16,0,1,7,9,20,21,
Line13=42,12,13,8,6,5,14,16,0,1,7,9,20,21,
Line14=43,12,13,8,6,5,14,16,0,1,7,9,20,21,
Line15=44,12,13,8,6,5,14,9,0,7,16,1,20,21,
Line16=49,12,13,8,6,5,14,9,0,7,16,1,20,21,
Line17=48,12,13,8,6,5,14,9,0,7,16,1,20,21,
Line18=47,12,13,8,6,5,14,9,0,7,16,1,20,21,
Line19=46,12,13,8,6,5,14,9,0,7,16,1,20,21,
Line20=45,12,13,8,6,5,14,9,0,7,16,1,20,21,
Line21=31,9,7,12,13,5,14,0,8,6,16,1,20,21,
Line22=32,9,7,12,13,14,0,8,6,5,16,1,20,21,
Line23=33,9,7,12,13,5,14,8,6,0,16,1,20,21,
Line24=34,9,7,12,13,5,14,0,8,6,16,1,20,21,
Line25=37,9,7,12,13,5,14,0,8,6,16,1,20,21,
Line26=36,9,7,12,13,5,14,0,8,6,16,1,20,21,
Line27=39,9,7,12,13,5,14,0,8,6,16,1,20,21,
Line28=38,9,7,12,13,5,14,0,8,6,16,1,20,21,
Line29=35,9,7,12,13,5,14,0,8,6,16,1,20,21,
Line30=30,9,7,12,13,5,14,0,8,6,16,1,20,21,
Line31=12,14,13,9,7,5,12,6,8,0,16,1,20,21,
Line32=13,14,13,9,7,5,12,6,8,0,16,1,20,21,
Line33=17,14,13,7,16,1,5,12,6,8,0,9,20,21,
Line34=16,14,13,7,16,1,5,12,6,8,0,9,20,21,
Line35=15,14,13,7,16,1,5,12,6,8,0,9,20,21,
Line36=14,14,13,7,16,1,5,12,6,8,0,9,20,21,
Line37=19,14,13,7,16,1,5,12,6,8,0,9,20,21,
Line38=23,9,7,12,13,14,5,0,6,8,16,1,20,21,
Line39=22,9,7,12,13,14,5,0,6,8,16,1,20,21,
Line40=21,9,7,12,13,14,5,0,6,8,16,1,20,21,
Line41=20,9,7,12,13,14,5,0,6,8,16,1,20,21,
Line42=60,8,6,12,13,14,5,16,1,0,7,9,20,21,
Line43=61,8,6,12,13,14,16,1,5,0,7,9,20,21,
Line44=62,8,6,12,13,14,16,1,5,0,7,9,20,21,
Line45=63,8,6,12,13,14,5,16,1,0,7,9,20,21,
Line46=70,14,13,16,1,8,6,5,12,0,7,9,20,21,
Line47=71,14,13,16,1,8,6,5,12,0,7,9,20,21,
Line48=73,14,13,16,1,8,6,5,12,0,7,9,20,21,
Line49=74,14,13,16,1,8,6,5,12,0,7,9,20,21,
Line50=75,14,13,16,1,8,6,5,12,0,7,9,20,21,
Line51=76,14,13,16,1,8,6,5,12,0,7,9,20,21,
Line52=77,14,13,16,1,8,6,5,12,0,7,9,20,21,
Line53=78,14,13,16,1,8,6,5,12,0,7,9,20,21,
Line54=79,14,13,16,1,8,6,5,12,0,7,9,20,21,

[FreeFightStand]
TotalFrameBefore=80
Dir8=-1,20,21,9,16,14,13,6,12,7,5,0,1,8,
Line1=47,12,13,8,6,5,14,7,16,0,1,9,20,21,
Line2=45,12,13,8,6,5,14,7,16,0,1,9,20,21,
Line3=46,12,13,8,6,5,14,7,16,0,1,9,20,21,
Line4=48,12,13,8,6,5,14,7,16,0,1,9,20,21,
Line5=49,12,13,8,6,5,14,7,16,0,1,9,20,21,
Line6=44,12,13,8,6,5,14,7,16,0,1,9,20,21,
Line7=43,12,13,8,6,5,14,7,16,0,1,9,20,21,
Line8=42,12,13,8,6,5,14,7,16,0,1,9,20,21,
Line9=41,12,13,8,6,5,14,7,16,0,1,9,20,21,
Line10=40,12,13,8,6,5,14,7,16,0,1,9,20,21,
Line11=38,9,7,12,13,5,14,0,8,6,16,1,20,21,
Line12=39,9,7,12,13,5,14,0,8,6,16,1,20,21,
Line13=37,9,7,12,13,5,14,0,8,6,16,1,20,21,
Line14=36,9,7,12,13,5,14,0,8,6,16,1,20,21,
Line15=35,9,7,12,13,5,14,8,6,16,0,1,20,21,
Line16=34,9,7,12,13,5,14,8,6,16,0,1,20,21,
Line17=33,9,7,12,13,5,14,8,6,16,0,1,20,21,
Line18=32,9,7,12,13,5,6,14,16,0,1,8,20,21,
Line19=31,9,7,12,13,5,8,6,14,16,0,1,20,21,
Line20=30,9,7,12,13,5,14,8,6,16,0,1,20,21,
Line21=50,6,20,8,12,13,14,5,16,7,9,1,0,21,
Line22=53,20,6,8,12,13,14,5,16,7,9,1,0,21,
Line23=51,8,6,20,5,16,0,1,7,9,12,13,14,21,
Line24=52,8,6,5,16,20,0,1,7,9,12,13,14,21,
Line25=54,8,6,20,5,0,1,16,7,9,12,13,14,21,
Line26=55,20,6,8,5,0,1,16,7,9,12,13,14,21,
Line27=56,20,8,6,5,0,1,16,7,9,12,13,14,21,
Line28=57,8,6,20,5,0,16,9,1,7,12,13,14,21,
Line29=58,20,6,8,5,0,1,16,7,9,12,13,14,21,
Line30=59,20,6,8,5,0,1,7,16,9,12,13,14,21,

[DoubleWNormalStand]
TotalFrameBefore=80
Dir1=-1,14,13,1,16,9,7,5,12,8,6,0,20,21,
Line1=47,12,13,6,8,5,14,0,7,9,16,1,20,21,
Line2=46,12,13,6,8,5,14,0,7,9,16,1,20,21,
Line3=48,12,13,6,8,5,14,0,7,9,16,1,20,21,
Line4=49,12,13,6,8,5,14,0,7,9,16,1,20,21,
Line5=45,12,13,6,8,5,14,0,7,9,16,1,20,21,
Line6=44,12,13,6,8,5,14,0,7,9,16,1,20,21,
Line7=43,12,13,6,8,5,14,0,7,9,16,1,20,21,
Line8=42,12,13,6,8,5,14,0,7,9,16,1,20,21,
Line9=41,12,13,6,8,5,14,0,7,9,16,1,20,21,
Line10=40,12,13,6,8,5,14,0,7,9,16,1,20,21,
Line11=54,8,6,12,13,5,14,7,16,0,1,9,20,21,
Line12=55,8,6,12,13,5,14,7,16,0,1,9,20,21,
Line13=56,8,6,12,13,5,14,7,16,0,1,9,20,21,
Line14=57,8,6,12,13,5,14,7,16,0,1,9,20,21,
Line15=59,8,6,12,13,5,14,7,16,0,1,9,20,21,
Line16=58,8,6,12,13,5,14,7,16,0,1,9,20,21,
Line17=53,8,6,12,13,5,14,7,16,0,1,9,20,21,
Line18=52,8,6,12,13,5,14,7,16,0,1,9,20,21,
Line19=51,8,6,12,13,5,14,7,16,0,1,9,20,21,
Line20=50,8,6,12,13,5,14,7,16,0,1,9,20,21,
Line21=35,9,7,12,13,5,14,6,16,0,1,8,20,21,
Line22=36,9,7,12,13,5,14,6,16,0,1,8,20,21,
Line23=37,9,7,12,13,5,14,6,16,0,1,8,20,21,
Line24=38,9,7,12,13,5,14,6,16,0,1,8,20,21,
Line25=39,9,7,12,13,5,14,6,16,0,1,8,20,21,
Line26=33,9,7,12,13,5,14,6,16,0,1,8,20,21,
Line27=32,9,7,12,13,5,14,6,16,0,1,8,20,21,
Line28=31,9,7,12,13,5,14,6,16,0,1,8,20,21,
Line29=30,9,7,12,13,5,14,6,16,0,1,8,20,21,
Line30=34,9,7,12,13,5,14,6,16,0,1,8,20,21,

[DoubleWRun]
TotalFrameBefore=128
Dir1=-1,14,13,1,16,7,5,6,12,8,0,9,20,21,
Dir5=-1,9,12,13,8,6,5,14,16,1,0,7,20,21,
Dir6=-1,8,6,12,13,5,14,16,1,0,9,7,20,21,
Line1=13,14,13,1,16,7,6,5,12,8,0,9,20,21,
Line2=14,14,13,1,16,6,7,5,12,8,0,9,20,21,
Line3=15,14,13,1,16,7,6,5,12,8,0,9,20,21,
Line4=12,14,13,1,16,7,6,5,12,8,0,9,20,21,
Line5=88,8,6,12,13,5,14,16,0,1,9,7,20,21,
Line6=89,8,6,12,13,5,14,16,0,1,9,7,20,21,
Line7=95,8,6,12,13,5,14,16,0,1,9,7,20,21,
Line8=82,8,6,12,13,5,14,16,0,1,9,7,20,21,
Line9=83,8,6,12,13,5,14,16,0,1,9,7,20,21,
Line10=81,8,6,12,13,5,14,16,0,1,9,7,20,21,
Line11=84,8,6,12,13,5,14,16,0,1,9,7,20,21,
Line12=80,8,6,12,13,5,14,16,0,1,9,7,20,21,
Line13=85,8,6,12,13,5,14,16,0,1,9,7,20,21,
Line14=72,9,12,13,8,6,5,14,7,16,0,1,20,21,
Line15=73,9,12,13,8,6,5,14,7,16,0,1,20,21,
Line16=74,9,12,13,8,6,5,14,7,16,0,1,20,21,
Line17=75,9,12,13,8,6,5,14,7,16,0,1,20,21,
Line18=76,9,12,13,8,6,5,14,7,16,0,1,20,21,
Line19=77,9,12,13,8,6,5,14,7,16,0,1,20,21,
Line20=78,9,12,13,8,6,5,14,7,16,0,1,20,21,
Line21=79,9,12,13,8,6,5,14,7,16,0,1,20,21,
Line22=71,9,12,13,8,6,5,14,7,16,0,1,20,21,
Line23=70,9,12,13,8,6,5,14,7,16,0,1,20,21,
Line24=69,9,12,13,8,6,5,14,7,16,0,1,20,21,
Line25=68,9,12,13,8,6,5,14,7,16,0,1,20,21,
Line26=67,9,12,13,8,6,5,14,7,16,0,1,20,21,
Line27=66,9,12,13,8,6,5,14,7,16,0,1,20,21,
Line28=65,9,12,13,8,6,5,14,7,16,0,1,20,21,
Line29=64,9,12,13,8,6,5,14,7,16,0,1,20,21,
Line30=53,9,7,12,13,5,14,16,0,1,8,6,20,21,
Line31=56,9,7,12,13,5,14,16,0,1,8,6,20,21,
Line32=57,9,7,12,13,5,14,16,0,1,8,6,20,21,
Line33=58,9,7,12,13,5,14,16,0,1,8,6,20,21,
Line34=59,9,7,12,13,5,14,16,0,1,8,6,20,21,
Line35=60,9,7,12,13,5,14,16,0,1,8,6,20,21,
Line36=61,9,7,12,13,5,14,16,0,1,8,6,20,21,
Line37=62,9,7,12,13,5,14,16,0,1,8,6,20,21,
Line38=63,9,7,12,13,5,14,16,0,1,8,6,20,21,
Line39=48,9,7,12,13,5,14,16,0,1,8,6,20,21,
Line40=4,14,13,1,16,7,6,5,12,8,0,9,20,21,
Line41=5,14,13,1,16,7,6,5,12,8,0,9,20,21,
Line42=6,14,13,1,16,7,6,5,12,8,0,9,20,21,
Line43=7,14,13,1,16,7,6,5,12,8,0,9,20,21,
Line44=8,14,13,1,16,7,6,5,12,8,0,9,20,21,
Line45=9,14,13,1,16,7,6,5,12,8,0,9,20,21,
Line46=10,14,13,1,16,7,6,5,9,12,8,0,20,21,
Line47=11,14,13,1,16,7,6,5,12,8,0,9,20,21,
Line48=3,14,13,1,16,7,6,5,12,8,0,9,20,21,
Line49=2,14,13,1,16,7,6,5,12,8,0,9,20,21,
Line50=1,14,13,1,16,7,6,5,12,8,0,9,20,21,
Line51=0,14,13,1,16,7,6,5,12,8,0,9,20,21,

[DoubleWWound]
TotalFrameBefore=64
Dir1=-1,14,13,1,16,9,7,5,6,12,0,8,20,21,
Dir8=-1,20,21,14,13,16,1,6,5,8,12,0,7,9,
Line1=26,9,7,12,13,5,14,0,8,6,16,1,20,21,
Line2=27,9,7,12,13,5,14,0,8,6,16,1,20,21,
Line3=28,9,7,12,13,5,14,0,8,6,16,1,20,21,
Line4=29,9,7,12,13,5,14,0,8,6,16,1,20,21,
Line5=31,9,7,12,13,5,14,0,8,6,16,1,20,21,
Line6=25,9,7,12,13,5,14,0,8,6,16,1,20,21,
Line7=24,9,7,12,13,5,14,0,8,6,16,1,20,21,
Line8=39,12,13,8,6,5,14,0,7,9,16,1,20,21,
Line9=38,12,13,8,6,5,14,0,7,9,16,1,20,21,
Line10=34,12,13,8,6,5,14,0,7,9,16,1,20,21,
Line11=33,12,13,8,6,5,14,0,7,9,16,1,20,21,
Line12=32,12,13,8,6,5,14,0,7,9,16,1,20,21,
Line13=30,9,7,12,13,5,14,0,8,6,16,1,20,21,
Line14=35,12,13,8,6,5,14,0,7,9,16,1,20,21,
Line15=36,12,13,8,6,5,14,0,7,9,16,1,20,21,
Line16=37,12,13,8,6,5,14,0,7,9,16,1,20,21,
Line17=51,8,6,12,13,14,16,5,1,0,9,7,20,21,
Line18=50,8,6,12,13,14,16,5,1,0,9,7,20,21,

[DoubleWDie]
TotalFrameBefore=80
Dir1=-1,12,13,14,7,9,16,5,1,0,6,8,
Dir2=-1,7,9,5,16,12,13,14,1,0,8,6,
Dir3=-1,9,7,12,13,14,5,16,1,0,6,8,
Dir4=-1,14,13,12,9,7,5,16,8,6,1,0,
Dir5=-1,12,13,8,6,5,14,16,1,0,7,9,
Dir6=-1,8,6,12,13,5,14,16,1,0,9,7,
Dir7=-1,8,6,12,13,14,5,16,1,0,9,7,
Dir8=-1,12,13,14,7,9,16,5,1,0,6,8,
Line1=16,9,0,5,16,7,12,13,14,1,8,6,
Line2=17,0,9,5,7,16,12,13,14,1,8,6,
Line3=18,0,9,5,7,16,12,13,14,1,8,6,
Line4=19,0,9,5,7,16,12,13,14,1,8,6,
Line5=24,9,0,7,12,13,14,5,16,1,6,8,
Line6=25,9,7,8,12,13,14,0,5,16,1,6,
Line7=26,0,9,8,12,13,14,5,7,6,16,1,
Line8=27,9,8,0,12,13,14,5,7,6,16,1,
Line9=28,9,8,12,13,14,0,5,7,6,16,1,
Line10=29,9,12,8,13,14,0,5,7,6,16,1,
Line11=31,14,13,12,9,7,0,5,16,8,6,1,
Line12=45,12,13,8,9,6,5,14,16,1,0,7,
Line13=46,12,13,8,9,6,5,14,16,0,1,7,
Line14=47,12,13,8,9,6,5,14,16,0,1,7,
Line15=48,12,13,8,6,9,5,14,16,1,0,7,
Line16=49,12,13,8,6,9,5,14,16,1,0,7,
Line17=55,8,6,12,13,7,5,14,16,1,0,9,
Line18=56,8,6,12,13,7,5,14,16,1,0,9,
Line19=57,8,6,12,7,13,5,14,16,1,0,9,
Line20=58,8,6,12,7,13,5,14,16,1,0,9,
Line21=59,8,6,12,13,7,5,14,16,1,0,9,
Line22=63,6,12,13,14,5,16,8,1,0,9,7,
Line23=64,6,12,13,14,5,8,16,1,0,9,7,
Line24=65,7,12,13,14,5,6,16,8,1,0,9,
Line25=66,7,12,13,14,5,6,16,1,0,9,8,
Line26=67,7,12,13,14,5,0,16,1,9,8,6,
Line27=68,7,12,13,14,5,16,1,0,9,6,8,
Line28=69,7,12,13,14,5,16,1,0,9,6,8,
Line29=70,12,13,14,7,16,5,1,0,6,8,9,
Line30=71,12,13,14,7,16,6,5,1,0,8,9,
Line31=72,12,13,14,7,16,5,9,1,0,6,8,
Line32=40,12,13,8,6,5,14,16,0,1,7,9,
Line33=41,12,13,8,6,5,14,16,0,1,7,9,
Line34=44,12,13,8,6,5,14,16,0,1,7,9,
Line35=30,14,13,12,9,7,5,16,8,6,0,1,
Line36=32,14,13,12,9,7,5,16,8,6,0,1,
Line37=33,14,13,12,9,7,5,16,8,6,0,1,
Line38=34,14,13,12,9,7,5,16,8,6,0,1,
Line39=35,14,13,12,9,7,5,16,8,6,0,1,
Line40=36,14,13,12,9,7,5,16,8,6,0,1,
Line41=37,14,13,12,9,7,5,16,8,6,0,1,
Line42=38,14,13,12,9,7,5,16,8,6,0,1,
Line43=39,14,13,12,9,7,5,16,8,6,0,1,

[DoubleWSpecialStand]
TotalFrameBefore=80
Dir8=-1,20,21,14,13,16,1,6,8,5,12,0,7,9,

[DoubleWFightStand]
TotalFrameBefore=80
Dir8=-1,20,21,14,13,16,1,6,5,8,12,0,7,9,
Line1=38,9,7,12,13,5,14,0,8,6,16,1,20,21,
Line2=39,9,7,12,13,5,14,0,8,6,16,1,20,21,
Line3=37,9,7,12,13,5,14,0,8,6,16,1,20,21,
Line4=36,9,7,12,13,5,14,0,8,6,16,1,20,21,
Line5=35,9,7,12,13,5,14,0,8,6,16,1,20,21,
Line6=34,9,7,12,13,5,14,0,8,6,16,1,20,21,
Line7=33,9,7,12,13,5,14,0,8,6,16,1,20,21,
Line8=32,9,7,12,13,5,14,0,8,6,16,1,20,21,
Line9=31,9,7,12,13,5,14,0,8,6,16,1,20,21,
Line10=30,9,7,12,13,5,14,0,8,6,16,1,20,21,
Line11=49,12,13,8,6,5,14,0,7,9,16,1,20,21,
Line12=48,12,13,8,6,5,14,0,7,9,16,1,20,21,
Line13=47,12,13,8,6,5,14,0,7,9,16,1,20,21,
Line14=46,12,13,8,6,5,14,0,7,9,16,1,20,21,
Line15=45,12,13,8,6,5,14,0,7,9,16,1,20,21,
Line16=44,12,13,8,6,5,14,0,7,9,16,1,20,21,
Line17=43,12,13,8,6,5,14,0,7,9,16,1,20,21,
Line18=42,12,13,8,6,5,14,0,7,9,16,1,20,21,
Line19=41,12,13,8,6,5,14,0,7,9,16,1,20,21,
Line20=40,12,13,8,6,5,14,0,7,9,16,1,20,21,
Line21=54,8,6,12,13,5,14,7,16,0,1,9,20,21,
Line22=55,8,6,12,13,5,14,7,16,0,1,9,20,21,
Line23=56,8,6,12,13,5,14,7,16,0,1,9,20,21,
Line24=57,8,6,12,13,5,14,7,16,0,1,9,20,21,
Line25=58,8,6,12,13,5,14,7,16,0,1,9,20,21,
Line26=59,8,6,12,13,5,14,7,16,0,1,9,20,21,
Line27=50,8,6,12,13,5,14,7,16,0,1,9,20,21,
Line28=51,8,6,12,13,5,14,7,16,0,1,9,20,21,
Line29=52,8,6,12,13,5,14,7,16,0,1,9,20,21,
Line30=53,8,6,12,13,5,14,7,16,0,1,9,20,21,

[DoubleWPull]
TotalFrameBefore=96
Line1=1,14,13,1,16,7,5,6,12,8,0,9,20,21,
Line2=2,14,13,1,16,7,5,6,12,8,0,9,20,21,
Line3=6,14,13,1,16,9,7,5,6,12,0,8,20,21,
Line4=7,14,13,1,16,8,6,7,5,12,0,9,20,21,
Line5=8,14,13,1,16,7,8,6,5,12,0,9,20,21,
Line6=9,14,13,1,16,7,8,6,5,12,0,9,20,21,
Line7=10,14,13,1,16,7,5,6,12,8,0,9,20,21,
Line8=11,14,13,1,16,7,5,6,12,8,0,9,20,21,
Line9=14,14,13,7,16,1,5,12,6,8,0,9,20,21,
Line10=13,14,13,7,16,1,5,12,6,8,0,9,20,21,
Line11=25,7,12,13,14,5,16,1,0,6,9,8,20,21,
Line12=26,7,12,13,14,5,16,1,0,6,9,8,20,21,
Line13=38,7,12,13,5,14,0,9,8,6,16,1,20,21,
Line14=41,9,12,13,6,5,7,14,16,0,1,8,20,21,
Line15=40,9,12,13,6,5,7,14,0,8,16,1,20,21,
Line16=50,12,13,8,7,5,6,14,16,0,1,9,20,21,
Line17=55,12,13,9,5,14,7,16,0,1,8,6,20,21,
Line18=56,9,12,13,5,6,14,7,16,0,1,8,20,21,
Line19=57,12,13,9,7,5,6,14,16,0,1,8,20,21,
Line20=58,9,12,13,8,6,5,14,7,16,0,1,20,21,
Line21=65,6,12,13,5,14,16,0,1,9,7,8,20,21,
Line22=77,6,12,13,14,5,16,1,0,7,9,8,20,21,
Line23=78,6,12,13,14,16,5,1,0,9,7,8,20,21,
Line24=84,14,13,16,1,6,5,12,0,7,9,8,20,21,
Line25=88,14,13,16,1,6,5,12,0,9,7,8,20,21,
Line26=89,7,9,14,13,16,1,5,12,0,6,8,20,21,
Line27=90,14,13,16,1,6,7,5,12,0,9,8,20,21,
Line28=67,8,6,12,13,5,14,7,16,0,1,9,20,21,
Line29=68,8,6,12,13,5,14,7,16,0,1,9,20,21,
Line30=69,8,6,12,13,5,14,7,16,0,1,9,20,21,
Line31=70,8,6,12,13,5,14,7,16,0,1,9,20,21,
Line32=59,12,13,8,6,5,14,7,16,0,1,9,20,21,
Line33=54,12,13,8,6,5,14,7,16,0,1,9,20,21,
Line34=53,12,13,8,6,5,14,16,0,1,7,9,20,21,
Line35=52,12,13,8,6,5,14,7,16,0,1,9,20,21,
Line36=51,12,13,8,6,5,14,7,16,0,1,9,20,21,
Line37=49,12,13,8,6,5,14,7,16,0,1,9,20,21,
Line38=48,12,13,8,6,5,14,7,16,0,1,9,20,21,
Line39=42,9,7,12,13,5,14,0,8,6,16,1,20,21,
Line40=39,9,7,12,13,5,14,0,8,6,16,1,20,21,
Line41=36,9,7,12,13,5,14,0,8,6,16,1,20,21,
Line42=72,8,6,12,13,14,16,5,1,0,9,7,20,21,
Line43=76,8,6,12,13,14,16,5,1,0,9,7,20,21,
Line44=62,8,6,12,13,5,14,7,16,1,0,9,20,21,
Line45=71,8,6,12,13,5,14,7,16,1,0,9,20,21,
Line46=37,9,7,12,13,5,14,0,8,6,16,1,20,21,
Line47=47,9,7,12,13,5,14,0,8,6,16,1,20,21,
Line48=30,9,7,12,13,14,5,0,6,8,16,1,20,21,

[DoubleWMagic]
TotalFrameBefore=80
Line1=4,14,13,1,16,7,5,6,12,0,9,8,20,21,
Line2=5,14,13,1,16,7,5,6,12,0,9,8,20,21,
Line3=6,14,13,1,16,7,5,6,12,0,8,9,20,21,
Line4=7,14,13,1,16,7,5,6,12,0,9,8,20,21,
Line5=8,14,13,1,16,7,5,6,12,0,9,8,20,21,
Line6=9,14,13,1,16,7,5,6,12,0,9,8,20,21,
Line7=15,14,13,7,16,1,5,12,6,0,9,8,20,21,
Line8=16,14,13,7,16,1,5,12,6,0,9,8,20,21,
Line9=17,14,13,7,16,1,5,12,6,0,9,8,20,21,
Line10=18,14,13,7,16,1,5,12,6,0,9,8,20,21,
Line11=22,9,7,12,13,14,8,5,0,6,16,1,20,21,
Line12=23,9,7,12,13,14,8,6,5,16,1,0,20,21,
Line13=31,9,7,12,13,8,5,14,0,6,16,1,20,21,
Line14=32,8,9,12,13,6,5,7,14,16,0,1,20,21,
Line15=33,9,12,8,13,6,5,7,14,16,0,1,20,21,
Line16=34,7,12,13,5,14,8,9,0,6,16,1,20,21,
Line17=35,7,12,13,8,9,5,14,0,6,16,1,20,21,
Line18=36,7,12,13,8,9,5,14,0,6,16,1,20,21,
Line19=37,7,12,13,8,9,5,14,0,6,16,1,20,21,
Line20=38,7,12,13,8,9,5,14,0,6,16,1,20,21,
Line21=43,12,13,6,5,8,14,16,0,1,7,9,20,21,
Line22=44,12,13,8,6,7,5,14,16,0,1,9,20,21,
Line23=45,12,13,8,6,7,5,14,0,9,16,1,20,21,
Line24=46,12,13,8,6,7,5,14,0,9,16,1,20,21,
Line25=47,12,13,8,6,7,5,14,0,9,16,1,20,21,
Line26=48,12,13,8,6,7,5,14,0,9,16,1,20,21,
Line27=52,6,12,13,5,14,16,1,0,7,9,8,20,21,
Line28=53,6,12,13,5,14,16,0,1,7,9,8,20,21,
Line29=61,6,12,13,14,16,5,1,0,7,8,9,20,21,
Line30=62,6,12,13,14,16,5,1,0,7,9,8,20,21,
Line31=63,6,12,13,14,5,16,1,0,7,9,8,20,21,
Line32=65,6,12,13,14,5,16,1,0,9,7,8,20,21,
Line33=64,6,12,13,14,5,16,1,0,9,7,8,20,21,
Line34=66,6,12,13,14,5,16,1,0,9,7,8,20,21,
Line35=67,6,12,13,14,5,16,1,0,9,7,8,20,21,
Line36=68,6,12,13,14,5,16,1,0,9,7,8,20,21,
Line37=69,6,12,13,14,5,16,1,0,7,8,9,20,21,
Line38=70,14,13,16,1,6,5,12,0,7,8,9,20,21,
Line39=71,14,13,16,1,7,5,6,12,0,9,8,20,21,
Line40=72,14,13,16,1,5,12,0,7,9,8,6,20,21,
Line41=73,7,14,13,16,1,5,12,0,9,6,8,20,21,
Line42=74,14,13,16,1,6,5,12,0,9,8,7,20,21,
Line43=75,14,13,16,1,6,5,12,0,7,9,8,20,21,
Line44=76,14,13,16,1,6,5,12,0,7,9,8,20,21,
Line45=77,14,13,16,1,6,5,12,0,7,9,8,20,21,
Line46=78,14,13,16,1,6,5,12,0,7,9,8,20,21,
Line47=79,14,13,16,1,6,5,12,0,8,7,9,20,21,
Line48=39,9,7,12,13,5,14,0,8,6,16,1,20,21,
Line49=30,9,7,12,13,5,14,0,8,6,16,1,20,21,
Line50=49,12,13,8,6,5,14,16,0,1,7,9,20,21,
Line51=41,12,13,8,6,5,14,0,7,9,16,1,20,21,
Line52=40,12,13,8,6,5,14,0,7,9,16,1,20,21,
Line53=54,8,6,12,13,5,14,16,0,1,9,7,20,21,
Line54=55,8,6,12,13,5,14,16,0,1,9,7,20,21,
Line55=56,8,6,12,13,5,14,16,0,1,9,7,20,21,
Line56=57,8,6,12,13,5,14,16,0,1,9,7,20,21,
Line57=11,14,13,9,7,5,12,6,8,0,16,1,20,21,
Line58=12,14,13,9,7,5,12,6,8,0,16,1,20,21,
Line59=13,14,13,9,7,5,12,6,8,0,16,1,20,21,
Line60=21,9,7,12,13,14,5,0,6,8,16,1,20,21,
Line61=60,8,6,12,13,14,16,5,1,0,9,7,20,21,

[DoubleWPound]
TotalFrameBefore=80
Line1=3,14,13,1,16,9,7,5,6,12,0,8,20,21,
Line2=4,14,13,1,16,5,6,12,8,0,7,9,20,21,
Line3=5,14,13,1,16,9,5,7,6,12,8,0,20,21,
Line4=6,14,13,1,16,9,5,7,6,12,8,0,20,21,
Line5=7,14,13,1,16,7,5,6,12,8,0,9,20,21,
Line6=8,14,13,1,16,7,9,5,6,12,8,0,20,21,
Line7=14,14,13,9,16,1,5,7,12,6,8,0,20,21,
Line8=15,14,13,16,1,5,7,9,12,6,8,0,20,21,
Line9=16,14,13,16,1,5,7,9,12,6,8,0,20,21,
Line10=17,14,13,16,1,7,5,9,12,6,8,0,20,21,
Line11=31,9,12,13,5,7,14,0,8,6,16,1,20,21,
Line12=32,9,12,13,5,7,14,6,16,0,1,8,20,21,
Line13=33,7,12,9,13,5,14,6,16,1,0,8,20,21,
Line14=44,12,13,7,5,6,14,16,9,0,1,8,20,21,
Line15=45,9,12,13,7,5,6,14,16,0,1,8,20,21,
Line16=46,12,13,9,7,5,6,8,14,16,0,1,20,21,
Line17=47,12,13,8,6,9,5,14,7,16,0,1,20,21,
Line18=63,8,12,13,7,5,6,14,16,0,1,9,20,21,
Line19=64,8,6,12,13,14,5,7,16,0,1,9,20,21,
Line20=55,9,8,12,13,7,5,6,14,16,0,1,20,21,
Line21=56,8,6,12,13,7,9,5,14,16,0,1,20,21,
Line22=61,8,6,12,13,14,16,1,5,0,7,9,20,21,
Line23=62,6,12,13,14,16,1,5,0,9,7,8,20,21,
Line24=63,6,8,12,13,14,5,16,1,0,7,9,20,21,
Line25=64,8,6,12,13,14,5,16,1,0,7,9,20,21,
Line26=65,6,8,12,9,13,14,7,5,16,1,0,20,21,
Line27=70,14,13,16,1,6,5,12,0,7,8,9,20,21,
Line28=71,14,13,16,1,6,7,5,8,12,0,9,20,21,
Line29=72,14,13,16,1,5,6,12,0,7,9,8,20,21,
Line30=73,14,13,16,1,7,5,6,12,0,8,9,20,21,
Line31=74,14,13,8,6,5,16,1,12,0,7,9,20,21,
Line32=30,9,7,12,13,5,14,0,8,6,16,1,20,21,
Line33=49,12,13,8,6,5,14,7,16,0,1,9,20,21,
Line34=48,12,13,8,6,5,14,7,16,0,1,9,20,21,
Line35=43,12,13,8,6,5,14,7,16,0,1,9,20,21,
Line36=42,12,13,8,6,5,14,16,0,1,7,9,20,21,
Line37=41,12,13,8,6,5,14,7,16,0,1,9,20,21,
Line38=40,12,13,8,6,5,14,7,16,0,1,9,20,21,
Line39=57,8,6,12,13,5,14,7,16,0,1,9,20,21,
Line40=54,8,6,12,13,5,14,7,16,0,1,9,20,21,
Line41=53,8,6,12,13,5,14,16,0,1,9,7,20,21,
Line42=52,8,6,12,13,5,14,16,0,1,9,7,20,21,
Line43=11,14,13,9,7,1,5,16,12,6,8,0,20,21,
Line44=12,14,13,9,7,1,5,16,12,6,8,0,20,21,
Line45=24,9,7,12,13,14,16,5,1,0,6,8,20,21,
Line46=25,9,7,12,13,14,16,5,1,0,6,8,20,21,
Line47=38,9,7,12,13,5,14,6,16,1,0,8,20,21,
Line48=39,9,7,12,13,5,14,6,16,1,0,8,20,21,
Line49=58,8,6,12,13,5,14,7,16,1,0,9,20,21,
Line50=59,8,6,12,13,5,14,7,16,1,0,9,20,21,
Line51=75,14,13,8,6,5,16,1,12,0,9,7,20,21,
Line52=76,14,13,8,6,5,16,1,12,0,9,7,20,21,
Line53=77,14,13,8,6,5,16,1,12,0,9,7,20,21,

[RideRun]
TotalFrameBefore=80
Dir4=-1,9,7,12,8,13,5,14,16,1,0,6,20,21,
Dir8=-1,20,21,14,13,16,1,6,5,8,12,0,9,7,
Line1=50,8,6,12,13,14,5,16,1,0,9,7,20,21,
Line2=51,8,6,12,13,14,5,16,1,0,9,7,20,21,
Line3=52,8,6,12,13,14,5,16,1,0,9,7,20,21,
Line4=53,8,6,12,13,14,5,16,1,0,9,7,20,21,
Line5=54,8,6,12,13,14,5,16,1,0,9,7,20,21,
Line6=55,8,6,12,13,14,5,16,1,0,9,7,20,21,
Line7=56,8,6,12,13,14,5,16,1,0,9,7,20,21,
Line8=57,8,6,12,13,14,5,16,1,0,9,7,20,21,
Line9=58,8,6,12,13,14,5,16,1,0,9,7,20,21,
Line10=59,8,6,12,13,14,5,16,1,0,9,7,20,21,
Line11=45,12,13,8,6,14,5,0,7,9,16,1,20,21,
Line12=46,12,13,8,6,14,5,0,7,9,16,1,20,21,
Line13=47,12,13,8,6,14,5,0,7,9,16,1,20,21,
Line14=48,12,13,8,6,14,5,0,7,9,16,1,20,21,
Line15=49,12,13,8,6,14,5,0,7,9,16,1,20,21,
Line16=44,12,13,8,6,14,5,0,7,9,16,1,20,21,
Line17=43,12,13,8,6,14,5,0,7,9,16,1,20,21,
Line18=42,12,13,8,6,14,5,0,7,9,16,1,20,21,
Line19=41,12,13,8,6,14,5,0,7,9,16,1,20,21,
Line20=40,12,13,8,6,14,5,0,7,9,16,1,20,21,
Line21=36,9,7,12,8,13,14,5,6,16,0,1,20,21,
Line22=37,9,7,12,8,13,14,5,6,16,0,1,20,21,
Line23=38,9,7,12,8,13,14,5,6,16,0,1,20,21,
Line24=39,9,7,12,8,13,14,5,6,16,0,1,20,21,
Line25=35,9,7,12,8,13,14,5,6,16,0,1,20,21,
Line26=34,9,7,12,8,13,14,5,6,16,0,1,20,21,
Line27=33,9,7,12,8,13,14,5,6,16,0,1,20,21,
Line28=32,9,7,12,8,13,14,5,6,16,0,1,20,21,
Line29=31,9,7,12,8,13,14,5,6,16,0,1,20,21,
Line30=30,9,7,12,8,13,14,5,6,16,0,1,20,21,
Line31=0,14,13,1,16,9,7,5,6,8,12,0,20,21,
Line32=1,14,13,1,16,9,7,5,6,8,12,0,20,21,
Line33=2,14,13,1,16,9,7,5,6,8,12,0,20,21,
Line34=3,14,13,1,16,9,7,5,6,8,12,0,20,21,
Line35=4,14,13,1,16,9,7,5,6,8,12,0,20,21,
Line36=5,14,13,1,16,9,7,5,6,8,12,0,20,21,
Line37=6,14,13,1,16,9,7,5,6,8,12,0,20,21,
Line38=7,14,13,1,16,9,7,5,6,8,12,0,20,21,
Line39=8,14,13,1,16,9,7,5,6,8,12,0,20,21,
Line40=9,14,13,1,16,9,7,5,6,8,12,0,20,21,

[RideCut]
TotalFrameBefore=112
Dir1=-1,20,21,14,13,1,16,7,5,6,12,8,0,9,
Dir2=-1,14,13,16,20,21,7,9,0,5,1,12,8,6,
Dir5=-1,12,13,8,6,5,14,9,16,1,0,7,20,21,
Line1=46,9,7,12,13,14,5,6,16,1,0,8,20,21,
Line2=47,9,7,12,13,14,5,6,16,1,0,8,20,21,
Line3=48,9,7,12,13,14,5,6,16,1,0,8,20,21,
Line4=49,9,7,12,13,14,5,16,1,0,8,6,20,21,
Line5=50,9,7,12,13,14,5,16,1,0,8,6,20,21,
Line6=51,9,7,12,13,14,5,16,1,0,8,6,20,21,
Line7=52,9,7,12,13,14,5,6,16,1,0,8,20,21,
Line8=53,9,7,12,13,14,5,6,16,1,0,8,20,21,
Line9=54,9,7,12,13,14,5,6,16,1,0,8,20,21,
Line10=55,9,7,12,13,14,5,6,16,1,0,8,20,21,
Line11=42,9,7,12,13,14,5,6,16,1,0,8,20,21,
Line12=44,9,7,12,13,14,5,6,16,1,0,8,20,21,
Line13=45,9,7,12,13,14,5,6,16,1,0,8,20,21,
Line14=43,9,7,12,13,14,5,6,16,1,0,8,20,21,
Line15=56,12,13,8,6,14,5,9,7,16,0,1,20,21,
Line16=57,12,13,8,6,14,5,9,7,16,0,1,20,21,
Line17=58,12,13,8,6,14,5,9,7,16,0,1,20,21,
Line18=59,12,13,8,6,14,5,9,7,16,0,1,20,21,
Line19=60,12,13,8,6,14,5,9,7,16,0,1,20,21,
Line20=61,12,13,8,6,14,5,9,7,16,0,1,20,21,
Line21=62,12,13,8,6,14,5,9,7,16,0,1,20,21,
Line22=63,12,13,8,6,14,5,9,7,16,0,1,20,21,
Line23=64,12,13,8,6,14,5,9,7,16,0,1,20,21,
Line24=65,12,13,8,6,14,5,9,7,16,0,1,20,21,
Line25=66,12,13,8,6,14,5,9,7,16,0,1,20,21,
Line26=67,12,13,8,6,14,5,9,7,16,0,1,20,21,
Line27=68,12,13,8,6,14,5,9,7,16,0,1,20,21,
Line28=69,12,13,8,6,14,5,9,7,16,0,1,20,21,
Line29=79,8,6,12,13,14,5,7,16,1,0,9,20,21,
Line30=80,8,6,12,13,14,5,7,16,1,0,9,20,21,
Line31=81,8,6,12,13,14,5,7,16,1,0,9,20,21,
Line32=77,8,6,12,13,14,5,7,16,1,0,9,20,21,
Line33=78,8,6,12,13,14,5,7,16,1,0,9,20,21,
Line34=76,8,6,12,13,14,5,7,16,1,0,9,20,21,
Line35=75,8,6,12,13,14,5,16,1,0,9,7,20,21,
Line36=74,8,6,12,13,14,5,16,1,0,9,7,20,21,
Line37=73,8,6,12,13,14,5,16,1,0,9,7,20,21,
Line38=72,8,6,12,13,14,5,7,16,1,0,9,20,21,
Line39=71,8,6,12,13,14,5,7,16,1,0,9,20,21,
Line40=70,8,6,12,13,14,5,7,16,1,0,9,20,21,
Line41=82,8,6,12,13,14,5,7,16,1,0,9,20,21,
Line42=83,8,6,12,13,14,5,7,16,1,0,9,20,21,
Line43=9,14,13,1,16,8,6,5,7,12,0,9,20,21,
Line44=8,14,13,1,16,6,8,5,7,12,0,9,20,21,
Line45=10,14,13,1,16,7,8,6,5,12,0,9,20,21,
Line46=11,14,13,1,16,7,8,6,5,12,0,9,20,21,
Line47=12,14,13,1,16,7,8,6,5,12,0,9,20,21,
Line48=7,14,13,1,16,6,5,7,12,8,0,9,20,21,
Line49=13,14,13,1,16,7,6,5,12,8,0,9,20,21,
Line50=1,14,13,1,16,7,6,5,12,8,0,9,20,21,
Line51=0,14,13,1,16,7,6,5,12,8,0,9,20,21,
Line52=31,9,7,12,13,14,5,6,16,1,0,8,20,21,
Line53=32,9,7,12,13,14,5,6,16,1,0,8,20,21,
Line54=33,9,7,12,13,14,5,6,16,1,0,8,20,21,
Line55=86,8,6,12,13,14,16,5,1,0,9,7,20,21,
Line56=87,8,6,12,13,14,16,5,1,0,9,7,20,21,
Line57=88,8,6,12,13,14,16,5,1,0,9,7,20,21,
Line58=89,8,6,12,13,14,16,5,1,0,9,7,20,21,

[RideMagic]
TotalFrameBefore=96
Dir2=-1,14,13,16,20,21,7,9,5,0,1,12,8,6,
Line1=51,12,13,8,6,7,14,5,16,1,0,9,20,21,
Line2=50,12,13,8,6,7,14,5,16,0,1,9,20,21,
Line3=67,8,6,12,13,14,5,16,1,0,9,7,20,21,
Line4=68,8,6,12,13,14,5,16,1,0,9,7,20,21,
Line5=69,8,6,12,13,14,5,16,1,0,9,7,20,21,
Line6=70,8,6,12,13,14,5,16,1,0,9,7,20,21,
Line7=71,8,6,12,13,14,5,16,1,0,9,7,20,21,
Line8=66,8,6,12,13,14,5,16,1,0,9,7,20,21,
Line9=65,8,6,12,13,14,5,16,1,0,9,7,20,21,
Line10=64,8,6,12,13,14,5,16,1,0,9,7,20,21,
Line11=63,8,6,12,13,14,5,16,1,0,9,7,20,21,
Line12=62,8,6,12,13,14,5,16,1,0,9,7,20,21,
Line13=61,8,6,12,13,14,5,16,1,0,9,7,20,21,
Line14=60,8,6,12,13,14,5,16,1,0,9,7,20,21,
Line15=52,12,13,8,6,14,5,16,0,1,7,9,20,21,
Line16=53,12,13,8,6,14,5,7,16,0,1,9,20,21,
Line17=54,12,13,8,6,14,5,7,16,0,1,9,20,21,
Line18=55,12,13,8,6,14,5,7,16,0,1,9,20,21,
Line19=56,12,13,8,6,14,5,7,16,0,1,9,20,21,
Line20=57,12,13,8,6,14,5,7,16,0,1,9,20,21,
Line21=58,12,13,8,6,14,5,7,16,0,1,9,20,21,
Line22=59,12,13,8,6,14,5,7,16,0,1,9,20,21,
Line23=49,12,13,8,6,14,5,16,0,1,7,9,20,21,
Line24=48,12,13,8,6,14,5,7,16,0,1,9,20,21,
Line25=44,9,7,12,13,14,5,6,16,1,0,8,20,21,
Line26=45,9,7,12,13,14,5,6,16,1,0,8,20,21,
Line27=46,9,7,12,13,14,5,6,16,1,0,8,20,21,
Line28=47,9,7,12,13,14,5,6,16,1,0,8,20,21,
Line29=42,9,7,12,13,14,5,6,16,1,0,8,20,21,
Line30=43,9,7,12,13,14,5,6,16,1,0,8,20,21,
Line31=41,9,7,12,13,14,5,6,16,1,0,8,20,21,
Line32=40,9,7,12,13,14,5,16,1,0,8,6,20,21,
Line33=39,9,7,12,13,14,5,16,1,0,8,6,20,21,
Line34=38,9,7,12,13,14,5,16,1,0,8,6,20,21,
Line35=37,9,7,12,13,14,5,6,16,1,0,8,20,21,
Line36=36,9,7,12,13,14,5,6,16,1,0,8,20,21,
Line37=0,14,13,1,16,7,6,5,9,12,8,0,20,21,
Line38=1,14,13,1,16,7,5,6,9,12,8,0,20,21,
Line39=2,14,13,1,16,6,5,7,9,12,8,0,20,21,
Line40=3,14,13,1,16,0,6,5,12,7,9,8,20,21,
Line41=11,14,13,1,16,9,7,6,5,12,8,0,20,21,

[RideFightStand]
TotalFrameBefore=96
Dir2=-1,14,13,16,20,21,7,9,5,0,1,12,8,6,
Line1=47,9,7,12,13,14,5,6,16,0,1,8,20,21,
Line2=46,9,7,12,13,14,5,6,16,0,1,8,20,21,
Line3=45,9,7,12,13,14,5,6,16,0,1,8,20,21,
Line4=44,9,7,12,13,14,5,6,16,0,1,8,20,21,
Line5=43,9,7,12,13,14,5,6,16,0,1,8,20,21,
Line6=42,9,7,12,13,14,5,6,16,0,1,8,20,21,
Line7=41,9,7,12,13,14,5,6,16,0,1,8,20,21,
Line8=40,9,7,12,13,14,5,6,16,0,1,8,20,21,
Line9=39,9,7,12,13,14,5,6,16,0,1,8,20,21,
Line10=38,9,7,12,13,14,5,6,16,0,1,8,20,21,
Line11=37,9,7,12,13,14,5,6,16,0,1,8,20,21,
Line12=36,9,7,12,13,14,5,6,16,0,1,8,20,21,
Line13=58,12,13,8,6,9,7,14,5,16,0,1,20,21,
Line14=59,12,13,8,6,9,7,14,5,16,0,1,20,21,
Line15=57,12,13,8,6,9,7,14,5,16,0,1,20,21,
Line16=56,12,13,8,6,9,7,14,5,16,0,1,20,21,
Line17=55,12,13,8,6,9,7,14,5,16,0,1,20,21,
Line18=54,12,13,8,6,9,7,14,5,16,0,1,20,21,
Line19=53,12,13,8,6,9,7,14,5,16,0,1,20,21,
Line20=52,12,13,8,6,9,7,14,5,16,0,1,20,21,
Line21=51,12,13,8,6,9,7,14,5,16,0,1,20,21,
Line22=50,12,13,8,6,9,7,14,5,16,0,1,20,21,
Line23=49,12,13,8,6,9,7,14,5,16,0,1,20,21,
Line24=48,12,13,8,6,9,7,14,5,16,0,1,20,21,
Line25=71,8,6,12,13,14,5,7,16,0,1,9,20,21,
Line26=70,8,6,12,13,14,5,7,16,0,1,9,20,21,
Line27=69,8,6,12,13,14,5,7,16,0,1,9,20,21,
Line28=68,8,6,12,13,14,5,7,16,0,1,9,20,21,
Line29=67,8,6,12,13,14,5,7,16,0,1,9,20,21,
Line30=66,8,6,12,13,14,5,7,16,0,1,9,20,21,
Line31=65,8,6,12,13,14,5,7,16,0,1,9,20,21,
Line32=64,8,6,12,13,14,5,7,16,0,1,9,20,21,
Line33=63,8,6,12,13,14,5,7,16,0,1,9,20,21,
Line34=62,8,6,12,13,14,5,7,16,0,1,9,20,21,
Line35=61,8,6,12,13,14,5,7,16,0,1,9,20,21,
Line36=60,8,6,12,13,14,5,7,16,0,1,9,20,21,
Line37=9,14,13,16,1,6,7,5,8,9,0,12,20,21,
Line38=10,14,13,16,1,6,7,5,8,9,0,12,20,21,
Line39=1,14,13,16,1,6,7,5,8,9,0,12,20,21,
Line40=2,14,13,16,1,6,7,5,8,9,0,12,20,21,
Line41=4,13,14,16,1,6,7,5,8,9,0,12,20,21,
Line42=6,14,13,16,1,6,7,5,8,9,0,12,20,21,
Line43=7,14,13,16,1,6,7,5,8,9,0,12,20,21,
Line44=5,14,13,16,1,6,7,5,8,9,0,12,20,21,
Line45=8,14,13,16,1,6,7,5,8,9,0,12,20,21,
Line46=11,14,13,16,6,1,7,5,8,9,12,0,20,21,
Line47=0,14,13,1,16,6,7,5,8,9,12,0,20,21,
Line48=3,14,13,16,1,6,7,5,8,9,0,12,20,21,

[RideNormalStand]
TotalFrameBefore=96
Dir2=-1,14,13,16,20,21,7,9,5,0,1,12,8,6,
Line1=68,8,6,12,13,14,5,0,9,7,16,1,20,21,
Line2=65,8,6,12,13,14,5,0,9,7,16,1,20,21,
Line3=66,8,6,12,13,14,5,0,9,7,16,1,20,21,
Line4=67,8,6,12,13,14,5,0,9,7,16,1,20,21,
Line5=69,8,6,12,13,14,5,0,9,7,16,1,20,21,
Line6=70,8,6,12,13,14,5,0,9,7,16,1,20,21,
Line7=71,8,6,12,13,14,5,0,9,7,16,1,20,21,
Line8=64,8,6,12,13,14,5,0,9,7,16,1,20,21,
Line9=63,8,6,12,13,14,5,0,9,7,16,1,20,21,
Line10=62,8,6,12,13,14,5,0,9,7,16,1,20,21,
Line11=61,8,6,12,13,14,5,0,9,7,16,1,20,21,
Line12=60,8,6,12,13,14,5,0,9,7,16,1,20,21,
Line13=57,12,13,8,6,14,5,0,7,9,16,1,20,21,
Line14=58,12,13,8,6,14,5,0,7,9,16,1,20,21,
Line15=59,12,13,8,6,14,5,0,7,9,16,1,20,21,
Line16=56,12,13,8,6,14,5,0,7,9,16,1,20,21,
Line17=55,12,13,8,6,14,5,0,7,9,16,1,20,21,
Line18=54,12,13,8,6,14,5,0,7,9,16,1,20,21,
Line19=53,12,13,8,6,14,5,0,7,9,16,1,20,21,
Line20=52,12,13,8,6,14,5,0,7,9,16,1,20,21,
Line21=51,12,13,8,6,14,5,0,7,9,16,1,20,21,
Line22=50,12,13,8,6,14,5,0,7,9,16,1,20,21,
Line23=49,12,13,8,6,14,5,0,7,9,16,1,20,21,
Line24=48,12,13,8,6,14,5,0,7,9,16,1,20,21,
Line25=37,9,7,12,13,14,5,0,8,6,16,1,20,21,
Line26=38,9,7,12,13,14,5,0,8,6,16,1,20,21,
Line27=39,9,7,12,13,14,5,0,8,6,16,1,20,21,
Line28=40,9,7,12,13,14,5,0,8,6,16,1,20,21,
Line29=41,9,7,12,13,14,5,0,8,6,16,1,20,21,
Line30=42,9,7,12,13,14,5,0,8,6,16,1,20,21,
Line31=43,9,7,12,13,14,5,0,8,6,16,1,20,21,
Line32=44,9,7,12,13,14,5,0,8,6,16,1,20,21,
Line33=45,9,7,12,13,14,5,0,8,6,16,1,20,21,
Line34=46,9,7,12,13,14,5,0,8,6,16,1,20,21,
Line35=47,9,7,12,13,14,5,0,8,6,16,1,20,21,
Line36=36,9,7,12,13,14,5,0,8,6,16,1,20,21,
Line37=11,14,13,1,16,6,7,5,8,9,0,12,20,21,
Line38=10,14,13,1,16,6,7,5,8,9,0,12,20,21,
Line39=9,14,13,1,16,6,7,5,8,9,0,12,20,21,
Line40=8,14,13,1,16,6,7,5,8,9,12,0,20,21,
Line41=7,14,13,1,16,6,7,5,8,9,0,12,20,21,
Line42=6,14,13,1,16,6,7,5,8,9,0,12,20,21,
Line43=5,14,13,1,16,6,7,5,8,9,0,12,20,21,
Line44=4,14,13,1,16,6,7,5,8,9,0,12,20,21,
Line45=3,14,13,1,16,6,7,5,8,9,0,12,20,21,
Line46=2,14,13,1,16,6,7,5,8,9,0,12,20,21,
Line47=1,14,13,1,16,6,7,5,8,9,0,12,20,21,
Line48=0,14,13,1,16,6,7,5,8,9,0,12,20,21,

[RideWalk]
TotalFrameBefore=96
Dir2=-1,14,13,16,20,21,7,9,5,0,1,12,8,6,
Line1=63,8,6,12,13,14,5,7,16,1,0,9,20,21,
Line2=64,8,6,12,13,14,5,7,16,1,0,9,20,21,
Line3=65,8,6,12,13,14,5,7,16,1,0,9,20,21,
Line4=66,8,6,12,13,14,5,7,16,1,0,9,20,21,
Line5=67,8,6,12,13,14,5,7,16,1,0,9,20,21,
Line6=68,8,6,12,13,14,5,7,16,1,0,9,20,21,
Line7=69,8,6,12,13,14,5,7,16,1,0,9,20,21,
Line8=70,8,6,12,13,14,5,7,16,1,0,9,20,21,
Line9=71,8,6,12,13,14,5,7,16,1,0,9,20,21,
Line10=62,8,6,12,13,14,5,7,16,1,0,9,20,21,
Line11=61,8,6,12,13,14,5,7,16,1,0,9,20,21,
Line12=60,8,6,12,13,14,5,7,16,1,0,9,20,21,
Line13=51,12,13,8,6,9,7,14,5,16,0,1,20,21,
Line14=50,12,13,8,6,9,7,14,5,16,0,1,20,21,
Line15=49,12,13,8,6,9,7,14,5,16,0,1,20,21,
Line16=53,12,13,8,6,9,7,14,5,16,0,1,20,21,
Line17=52,12,13,8,6,9,7,14,5,16,0,1,20,21,
Line18=54,12,13,8,6,9,7,14,5,16,0,1,20,21,
Line19=55,12,13,8,6,9,7,14,5,16,0,1,20,21,
Line20=56,12,13,8,6,9,7,14,5,16,0,1,20,21,
Line21=57,12,13,8,6,9,7,14,5,16,0,1,20,21,
Line22=58,12,13,8,6,9,7,14,5,16,0,1,20,21,
Line23=59,12,13,8,6,9,7,14,5,16,0,1,20,21,
Line24=48,12,13,8,6,9,7,14,5,16,0,1,20,21,
Line25=40,9,7,12,13,14,5,6,16,1,0,8,20,21,
Line26=41,9,7,12,13,14,5,6,16,1,0,8,20,21,
Line27=42,9,7,12,13,14,5,6,16,1,0,8,20,21,
Line28=43,9,7,12,13,14,5,6,16,1,0,8,20,21,
Line29=44,9,7,12,13,14,5,6,16,1,0,8,20,21,
Line30=45,9,7,12,13,14,5,6,16,1,0,8,20,21,
Line31=46,9,7,12,13,14,5,6,16,1,0,8,20,21,
Line32=47,9,7,12,13,14,5,6,16,1,0,8,20,21,
Line33=39,9,7,12,13,14,5,6,16,1,0,8,20,21,
Line34=38,9,7,12,13,14,5,6,16,1,0,8,20,21,
Line35=37,9,7,12,13,14,5,6,16,1,0,8,20,21,
Line36=36,9,7,12,13,14,5,6,16,1,0,8,20,21,
Line37=4,14,13,16,1,6,7,5,8,9,0,12,20,21,
Line38=11,14,13,16,1,7,6,5,8,9,0,12,20,21,
Line39=10,14,13,16,1,7,6,5,8,9,0,12,20,21,
Line40=9,14,13,16,1,7,6,5,8,9,0,12,20,21,
Line41=8,14,13,16,1,7,6,5,8,9,0,12,20,21,
Line42=7,14,13,16,1,6,7,5,8,9,0,12,20,21,
Line43=6,14,13,16,1,6,7,5,8,9,0,12,20,21,
Line44=5,14,13,16,1,7,6,5,8,9,0,12,20,21,
Line45=3,14,13,16,1,6,7,5,8,9,0,12,20,21,
Line46=2,14,13,16,1,6,7,5,8,9,0,12,20,21,
Line47=1,14,13,16,1,7,6,5,8,9,0,12,20,21,
Line48=0,14,13,16,1,7,6,5,8,9,0,12,20,21,

[RideSepcialStand]
TotalFrameBefore=96
Dir2=-1,14,13,16,20,21,7,9,5,0,1,12,8,6,
Line1=41,9,7,12,13,14,5,0,8,6,16,1,20,21,
Line2=42,9,7,12,13,14,5,0,8,6,16,1,20,21,
Line3=43,9,7,12,13,14,5,0,8,6,16,1,20,21,
Line4=44,9,7,12,13,14,5,0,8,6,16,1,20,21,
Line5=45,9,7,12,13,14,5,0,8,6,16,1,20,21,
Line6=46,9,7,12,13,14,5,0,8,6,16,1,20,21,
Line7=47,9,7,12,13,14,5,0,8,6,16,1,20,21,
Line8=40,9,7,12,13,14,5,0,8,6,16,1,20,21,
Line9=39,9,7,12,13,14,5,0,8,6,16,1,20,21,
Line10=38,9,7,12,13,14,5,0,8,6,16,1,20,21,
Line11=37,9,7,12,13,14,5,0,8,6,16,1,20,21,
Line12=36,9,7,12,13,14,5,0,8,6,16,1,20,21,
Line13=51,12,13,8,6,14,5,0,7,9,16,1,20,21,
Line14=52,12,13,8,6,14,5,0,7,9,16,1,20,21,
Line15=53,12,13,8,6,14,5,0,7,9,16,1,20,21,
Line16=54,12,13,8,6,14,5,0,7,9,16,1,20,21,
Line17=55,12,13,8,6,14,5,0,7,9,16,1,20,21,
Line18=56,12,13,8,6,14,5,0,7,9,16,1,20,21,
Line19=57,12,13,8,6,14,5,0,7,9,16,1,20,21,
Line20=58,12,13,8,6,14,5,0,7,9,16,1,20,21,
Line21=59,12,13,8,6,14,5,0,7,9,16,1,20,21,
Line22=50,12,13,8,6,14,5,0,7,9,16,1,20,21,
Line23=49,12,13,8,6,14,5,0,7,9,16,1,20,21,
Line24=48,12,13,8,6,14,5,0,7,9,16,1,20,21,
Line25=64,8,6,12,13,14,5,0,9,7,16,1,20,21,
Line26=65,8,6,12,13,14,5,0,9,7,16,1,20,21,
Line27=66,8,6,12,13,14,5,0,9,7,16,1,20,21,
Line28=67,8,6,12,13,14,5,0,9,7,16,1,20,21,
Line29=68,8,6,12,13,14,5,0,9,7,16,1,20,21,
Line30=69,8,6,12,13,14,5,0,9,7,16,1,20,21,
Line31=70,8,6,12,13,14,5,0,9,7,16,1,20,21,
Line32=71,8,6,12,13,14,5,0,9,7,16,1,20,21,
Line33=62,8,6,12,13,14,5,0,9,7,16,1,20,21,
Line34=61,8,6,12,13,14,5,0,9,7,16,1,20,21,
Line35=60,8,6,12,13,14,5,0,9,7,16,1,20,21,
Line36=63,8,6,12,13,14,5,0,9,7,16,1,20,21,
Line37=11,14,13,1,16,6,7,5,8,9,0,12,20,21,
Line38=10,14,13,1,16,6,7,5,8,9,0,12,20,21,
Line39=9,14,13,1,16,6,7,5,8,9,0,12,20,21,
Line40=8,14,13,1,16,6,7,5,8,9,0,12,20,21,
Line41=7,14,13,1,16,6,7,5,8,9,0,12,20,21,
Line42=6,14,13,1,16,6,7,5,8,9,0,12,20,21,
Line43=5,14,13,1,16,6,7,5,8,9,0,12,20,21,
Line44=4,14,13,1,16,6,7,5,8,9,0,12,20,21,
Line45=3,14,13,1,16,6,7,5,8,9,0,12,20,21,
Line46=2,14,13,1,16,6,7,5,8,9,0,12,20,21,
Line47=1,14,13,1,16,6,7,5,8,9,0,12,20,21,
Line48=0,14,13,1,16,6,7,5,8,9,0,12,20,21,

[RideWound]
TotalFrameBefore=48
Dir2=-1,14,13,16,20,21,7,9,5,0,1,12,8,6,
Line1=23,9,7,12,13,14,5,6,16,1,0,8,20,21,
Line2=22,9,7,12,13,14,5,6,16,1,0,8,20,21,
Line3=21,9,7,12,13,14,5,6,16,1,0,8,20,21,
Line4=20,9,7,12,13,14,5,6,16,1,0,8,20,21,
Line5=19,9,7,12,13,14,5,6,16,0,1,8,20,21,
Line6=18,9,7,12,13,14,5,6,16,0,1,8,20,21,
Line7=28,12,13,8,6,14,5,9,7,16,1,0,20,21,
Line8=29,12,13,8,6,14,5,9,7,16,0,1,20,21,
Line9=27,12,13,8,6,14,5,9,7,16,1,0,20,21,
Line10=26,12,13,8,6,14,5,9,7,16,1,0,20,21,
Line11=25,12,13,8,6,14,5,9,7,16,0,1,20,21,
Line12=24,12,13,8,6,14,5,9,7,16,0,1,20,21,
Line13=31,8,6,12,13,14,5,7,16,0,1,9,20,21,
Line14=32,8,6,12,13,14,5,7,16,1,0,9,20,21,
Line15=33,8,6,12,13,14,5,7,16,1,0,9,20,21,
Line16=34,8,6,12,13,14,5,7,16,1,0,9,20,21,
Line17=35,8,6,12,13,14,5,7,16,0,1,9,20,21,
Line18=30,8,6,12,13,14,5,7,16,0,1,9,20,21,
Line19=5,14,13,1,16,9,7,6,5,12,8,0,20,21,
Line20=0,14,13,1,16,9,7,6,5,12,8,0,20,21,

[RideDie]
TotalFrameBefore=120
Line1=66,12,13,8,6,14,5,0,7,9,16,1,
Line2=67,12,13,8,6,14,5,0,7,9,16,1,
Line3=68,12,13,8,6,14,5,0,7,9,16,1,
Line4=69,12,13,8,6,14,5,0,7,9,16,1,
Line5=70,12,13,8,6,14,5,16,1,0,7,9,
Line6=71,12,13,8,6,14,5,16,1,0,7,9,
Line7=72,12,13,8,6,14,5,16,1,0,7,9,
Line8=73,12,13,8,6,14,5,16,1,0,7,9,
Line9=74,12,13,8,6,14,5,16,1,0,7,9,
Line10=59,9,7,12,13,14,8,6,5,16,1,0,
Line11=58,9,7,12,13,14,8,6,5,16,1,0,
Line12=57,9,7,12,13,14,8,6,5,16,1,0,
Line13=56,9,7,12,13,8,14,6,5,16,1,0,
Line14=55,9,7,12,13,14,6,5,16,0,1,8,
Line15=54,9,7,12,13,14,8,6,5,16,0,1,
Line16=53,9,7,12,13,14,5,16,0,1,8,6,
Line17=52,9,7,12,13,14,5,16,0,1,8,6,
Line18=51,9,7,12,13,14,5,16,0,1,8,6,
Line19=50,9,7,12,13,14,5,16,1,0,8,6,
Line20=49,9,7,12,13,14,5,16,1,0,8,6,
Line21=48,9,7,12,13,14,5,16,1,0,8,6,
Line22=47,9,7,12,13,14,5,16,1,0,8,6,
Line23=46,9,7,12,13,14,5,16,1,0,8,6,
Line24=45,9,7,12,13,14,5,16,1,0,8,6,
Line25=64,12,13,8,6,14,5,0,7,9,16,1,
Line26=63,12,13,8,6,14,5,0,7,9,16,1,
Line27=62,12,13,8,6,14,5,0,7,9,16,1,
Line28=61,12,13,8,6,14,5,0,7,9,16,1,
Line29=60,12,13,8,6,14,5,0,7,9,16,1,
Line30=65,12,13,8,6,14,5,0,7,9,16,1,
Line31=103,8,6,13,12,14,5,16,1,0,9,7,
Line32=104,8,6,13,12,14,5,16,1,0,9,7,
Line33=102,8,6,13,12,14,5,16,1,0,9,7,
Line34=101,8,6,13,12,14,5,16,1,0,9,7,
Line35=100,8,6,13,12,14,5,16,1,0,9,7,
Line36=99,8,6,13,12,14,5,16,1,0,9,7,
Line37=98,8,6,13,12,14,5,16,1,0,9,7,
Line38=97,8,6,13,12,14,5,16,1,0,9,7,
Line39=96,8,6,13,12,14,5,16,1,0,9,7,
Line40=75,8,6,12,13,5,14,0,9,7,16,1,
Line41=76,8,6,12,13,5,14,0,9,7,16,1,
Line42=77,8,6,12,13,5,14,0,9,7,16,1,
Line43=78,8,6,12,13,5,14,0,9,7,16,1,
Line44=79,8,6,12,13,5,14,0,9,7,16,1,
Line45=80,8,6,12,13,5,14,0,9,7,16,1,
Line46=81,8,6,12,13,5,14,0,9,7,16,1,
Line47=82,8,6,12,13,5,14,0,9,7,16,1,
Line48=83,8,6,12,13,5,14,0,9,7,16,1,
Line49=84,8,6,12,13,5,14,0,9,7,16,1,
Line50=85,8,6,12,13,5,14,0,9,7,16,1,
Line51=86,8,6,12,13,5,14,0,9,7,16,1,
Line52=87,8,6,12,13,5,14,0,9,7,16,1,
Line53=88,8,6,12,13,5,14,0,9,7,16,1,
Line54=89,8,6,12,13,5,14,0,9,7,16,1,

[RidePuncture]
TotalFrameBefore=96
Dir2=-1,14,13,16,20,21,7,9,5,0,1,12,8,6,
Line1=64,8,6,12,13,14,5,16,1,0,9,7,20,21,
Line2=65,8,6,12,13,14,5,16,1,0,9,7,20,21,
Line3=66,8,6,12,13,14,5,16,1,0,9,7,20,21,
Line4=67,8,6,12,13,14,5,16,1,0,9,7,20,21,
Line5=68,8,6,12,13,14,5,16,1,0,9,7,20,21,
Line6=69,8,6,12,13,14,5,16,1,0,9,7,20,21,
Line7=70,8,6,12,13,14,5,16,1,0,9,7,20,21,
Line8=71,8,6,12,13,14,5,16,1,0,9,7,20,21,
Line9=63,8,6,12,13,14,5,16,1,0,9,7,20,21,
Line10=62,8,6,12,13,14,5,16,1,0,9,7,20,21,
Line11=61,8,6,12,13,14,5,16,1,0,9,7,20,21,
Line12=60,8,6,12,13,14,5,16,1,0,9,7,20,21,
Line13=56,12,13,8,6,14,5,7,16,0,1,9,20,21,
Line14=57,12,13,8,6,14,5,7,16,0,1,9,20,21,
Line15=58,12,13,8,6,14,5,7,16,0,1,9,20,21,
Line16=59,12,13,8,6,14,5,7,16,0,1,9,20,21,
Line17=55,12,13,8,6,14,5,7,16,0,1,9,20,21,
Line18=54,12,13,8,6,14,5,16,0,1,7,9,20,21,
Line19=53,12,13,8,6,14,5,7,16,0,1,9,20,21,
Line20=52,12,13,8,6,14,5,7,16,0,1,9,20,21,
Line21=51,12,13,8,6,14,5,7,16,0,1,9,20,21,
Line22=50,12,13,8,6,14,5,7,16,0,1,9,20,21,
Line23=49,12,13,8,6,14,5,9,7,16,0,1,20,21,
Line24=48,12,13,8,6,14,5,9,7,16,0,1,20,21,
Line25=37,9,7,12,13,14,5,6,16,1,0,8,20,21,
Line26=38,9,7,12,13,14,5,6,16,1,0,8,20,21,
Line27=39,9,7,12,13,14,5,6,16,1,0,8,20,21,
Line28=47,9,7,12,13,14,5,6,16,1,0,8,20,21,
Line29=42,9,7,12,13,14,5,6,16,1,0,8,20,21,
Line30=43,9,7,12,13,14,5,16,1,0,8,6,20,21,
Line31=44,9,7,12,13,14,5,6,16,1,0,8,20,21,
Line32=45,9,7,12,13,14,5,6,16,1,0,8,20,21,
Line33=46,9,7,12,13,14,5,6,16,1,0,8,20,21,
Line34=41,9,7,12,13,14,5,6,16,1,0,8,20,21,
Line35=36,9,7,12,13,14,5,6,16,1,0,8,20,21,
Line36=40,9,7,12,13,14,5,6,16,1,0,8,20,21,
Line37=11,14,13,1,16,9,7,6,5,12,8,0,20,21,
Line38=0,14,13,1,16,9,7,6,5,12,8,0,20,21,
Line39=8,14,13,1,16,5,6,12,8,0,9,7,20,21,

[SitDown]
TotalFrameBefore=88
Line1=3,14,13,1,16,5,9,7,6,12,8,0,20,21,
Line2=4,14,13,1,16,5,9,7,6,12,8,0,20,21,
Line3=5,14,13,1,16,5,9,7,6,12,8,0,20,21,
Line4=6,14,13,1,16,5,9,7,6,12,8,0,20,21,
Line5=7,14,13,1,16,5,9,7,6,12,8,0,20,21,
Line6=8,14,13,1,16,5,9,7,6,12,8,0,20,21,
Line7=9,14,13,1,16,5,9,7,6,12,8,0,20,21,
Line8=10,20,21,14,13,1,16,5,9,7,6,12,8,0,
Line9=2,14,13,1,16,5,9,7,6,12,8,0,20,21,
Line10=62,8,6,12,13,5,14,16,0,1,9,7,20,21,
Line11=63,8,6,12,13,5,14,16,0,1,9,7,20,21,
Line12=64,8,6,12,13,5,14,16,0,1,9,7,20,21,
Line13=65,8,6,12,13,5,14,16,0,1,9,7,20,21,
Line14=61,8,6,12,13,5,14,16,0,1,9,7,20,21,
Line15=60,8,6,12,13,5,14,16,0,1,9,7,20,21,
Line16=59,8,6,12,13,5,14,16,0,1,9,7,20,21,
Line17=58,8,6,12,13,5,14,16,0,1,9,7,20,21,
Line18=57,8,6,12,13,5,14,16,0,1,9,7,20,21,
Line19=56,8,6,12,13,5,14,16,0,1,9,7,20,21,
Line20=55,8,6,12,13,5,14,16,0,1,9,7,20,21,
Line21=44,12,13,8,6,5,14,9,7,16,0,1,20,21,
Line22=45,12,13,8,6,5,14,0,7,9,16,1,20,21,
Line23=46,12,13,8,6,5,14,0,7,9,16,1,20,21,
Line24=47,12,13,8,6,5,14,0,7,9,16,1,20,21,
Line25=48,12,13,8,6,5,14,0,7,9,16,1,20,21,
Line26=49,12,13,8,6,5,14,0,7,9,16,1,20,21,
Line27=50,12,13,8,6,5,14,0,7,9,16,1,20,21,
Line28=51,12,13,8,6,5,14,0,7,9,16,1,20,21,
Line29=52,12,13,8,6,5,14,0,7,9,16,1,20,21,
Line30=53,12,13,8,6,5,14,0,7,9,16,1,20,21,
Line31=54,12,13,8,6,5,14,0,7,9,16,1,20,21,
Line32=39,9,7,12,13,5,14,16,0,1,8,6,20,21,
Line33=38,9,7,12,13,5,14,16,0,1,8,6,20,21,
Line34=37,9,7,12,13,5,14,16,0,1,8,6,20,21,
Line35=36,9,7,12,13,5,14,16,0,1,8,6,20,21,
Line36=35,9,7,12,13,5,14,16,0,1,8,6,20,21,
Line37=34,9,7,12,13,5,14,16,0,1,8,6,20,21,
Line38=33,9,7,12,13,5,14,16,0,1,8,6,20,21,
Line39=40,9,7,12,13,5,14,16,0,1,8,6,20,21,
Line40=21,16,20,21,7,5,1,0,6,8,9,12,13,14,
Line41=77,21,20,6,16,5,1,0,7,8,9,12,13,14,

[FreeWalk]
TotalFrameBefore=96
Line1=10,14,13,1,16,6,5,9,7,12,8,0,20,21,
Line2=7,14,13,1,16,6,5,9,7,12,8,0,20,21,
Line3=8,14,13,1,16,6,5,9,7,12,8,0,20,21,
Line4=9,14,13,1,16,6,5,9,7,12,8,0,20,21,
Line5=10,14,13,1,16,5,9,7,6,12,8,0,20,21,
Line6=50,12,13,8,6,5,14,0,7,9,16,1,20,21,
Line7=51,12,13,8,6,5,14,0,7,9,16,1,20,21,
Line8=52,12,13,8,6,5,14,0,7,9,16,1,20,21,
Line9=53,12,13,8,7,6,5,14,16,0,1,9,20,21,
Line10=54,12,13,8,6,9,7,5,14,16,0,1,20,21,
Line11=55,12,13,8,6,9,7,5,14,16,0,1,20,21,
Line12=56,12,13,8,6,9,7,5,14,16,0,1,20,21,
Line13=57,12,13,8,6,9,7,5,14,16,0,1,20,21,
Line14=58,12,13,8,6,9,7,5,14,16,0,1,20,21,
Line15=59,12,13,8,6,9,7,5,14,16,0,1,20,21,
Line16=49,12,13,8,6,5,14,0,9,7,16,1,20,21,
Line17=48,12,13,8,6,5,14,0,9,7,16,1,20,21,
Line18=37,9,7,12,13,5,14,16,0,1,8,6,20,21,
Line19=38,9,7,12,13,5,14,16,0,1,8,6,20,21,
Line20=39,9,7,12,13,5,14,16,0,1,8,6,20,21,
Line21=46,9,7,12,13,5,14,16,0,1,8,6,20,21,
Line22=45,9,7,12,13,5,14,16,0,1,8,6,20,21,
Line23=36,9,7,12,13,5,14,16,0,1,8,6,20,21,
Line24=40,9,7,12,13,5,14,16,0,1,8,6,20,21,
Line25=41,9,7,12,13,5,14,16,0,1,8,6,20,21,
Line26=42,9,7,12,13,5,14,16,0,1,8,6,20,21,
Line27=43,9,7,12,13,5,14,16,0,1,8,6,20,21,
Line28=44,9,7,12,13,5,14,16,0,1,8,6,20,21,
Line29=47,9,7,12,13,5,14,16,0,1,8,6,20,21,
Line30=11,14,13,1,16,9,7,6,5,12,8,0,20,21,
Line31=6,14,13,1,16,9,7,6,5,12,8,0,20,21,
Line32=5,14,13,1,16,9,7,6,5,12,8,0,20,21,
Line33=0,14,13,1,16,9,7,6,5,12,8,0,20,21,
Line34=60,8,6,12,13,5,14,7,16,0,1,9,20,21,
Line35=61,8,6,12,13,5,14,7,16,0,1,9,20,21,
Line36=62,8,6,12,13,5,14,7,16,0,1,9,20,21,
Line37=63,8,6,12,13,5,14,7,16,0,1,9,20,21,
Line38=64,8,6,12,13,5,14,7,16,0,1,9,20,21,
Line39=65,8,6,12,13,5,14,7,16,0,1,9,20,21,
Line40=66,8,6,12,13,5,14,7,16,0,1,9,20,21,
Line41=67,8,6,12,13,5,14,7,16,0,1,9,20,21,
Line42=68,8,6,12,13,5,14,7,16,0,1,9,20,21,
Line43=69,8,6,12,13,5,14,7,16,0,1,9,20,21,
Line44=70,8,6,12,13,5,14,7,16,0,1,9,20,21,
Line45=71,8,6,12,13,5,14,7,16,0,1,9,20,21,

[DoubleWWalk]
TotalFrameBefore=96
Line1=3,14,13,1,16,7,6,5,9,12,8,0,20,21,
Line2=4,14,13,1,16,7,6,5,9,12,8,0,20,21,
Line3=5,14,13,1,16,6,7,5,9,12,8,0,20,21,
Line4=6,14,13,1,16,6,7,5,9,12,8,0,20,21,
Line5=7,14,13,1,16,6,7,5,9,12,8,0,20,21,
Line6=8,14,13,1,16,6,7,5,9,12,8,0,20,21,
Line7=9,14,13,1,16,6,7,5,9,12,8,0,20,21,
Line8=10,14,13,1,16,6,7,5,9,12,8,0,20,21,
Line9=11,14,13,1,16,6,7,5,9,12,8,0,20,21,
Line10=2,14,13,1,16,7,6,5,9,12,8,0,20,21,
Line11=1,14,13,1,16,6,7,5,9,12,8,0,20,21,
Line12=0,14,13,1,16,7,6,5,9,12,8,0,20,21,
Line13=59,12,13,8,9,6,5,14,7,16,0,1,20,21,
Line14=58,12,13,9,8,6,5,14,7,16,0,1,20,21,
Line15=57,12,13,9,8,6,5,14,7,16,0,1,20,21,
Line16=56,12,13,9,8,6,5,14,7,16,0,1,20,21,
Line17=55,12,13,9,8,6,5,14,7,16,0,1,20,21,
Line18=54,12,13,9,8,6,5,14,7,16,0,1,20,21,
Line19=53,12,13,9,8,6,5,14,7,16,0,1,20,21,
Line20=52,12,13,9,8,6,5,14,7,16,0,1,20,21,
Line21=51,12,13,9,8,6,5,14,7,16,0,1,20,21,
Line22=50,12,13,9,8,6,5,14,7,16,0,1,20,21,
Line23=49,12,13,9,8,6,5,14,7,16,0,1,20,21,
Line24=48,12,13,9,8,6,5,14,7,16,0,1,20,21,
Line25=44,9,7,12,13,5,14,0,8,6,16,1,20,21,
Line26=45,9,7,12,13,5,14,0,8,6,16,1,20,21,
Line27=46,9,7,12,13,5,14,0,8,6,16,1,20,21,
Line28=47,9,7,12,13,5,14,0,8,6,16,1,20,21,
Line29=36,9,7,12,13,5,14,0,8,6,16,1,20,21,
Line30=37,9,7,12,13,5,14,0,8,6,16,1,20,21,
Line31=38,9,7,12,13,5,14,0,8,6,16,1,20,21,
Line32=39,9,7,12,13,5,14,0,8,6,16,1,20,21,
Line33=40,9,7,12,13,5,14,0,8,6,16,1,20,21,
Line34=41,9,7,12,13,5,14,0,8,6,16,1,20,21,
Line35=42,9,7,12,13,5,14,0,8,6,16,1,20,21,
Line36=60,8,6,12,13,5,14,0,9,7,16,1,20,21,
Line37=71,8,6,12,13,5,14,7,16,0,1,9,20,21,
Line38=69,8,6,12,13,5,14,7,16,0,1,9,20,21,
Line39=68,8,6,12,13,5,14,7,16,0,1,9,20,21,
Line40=67,8,6,12,13,5,14,7,16,0,1,9,20,21,
Line41=66,8,6,12,13,5,14,7,16,0,1,9,20,21,
Line42=65,8,6,12,13,5,14,7,16,0,1,9,20,21,
Line43=64,8,6,12,13,5,14,7,16,0,1,9,20,21,
Line44=63,8,6,12,13,5,14,7,16,0,1,9,20,21,
Line45=62,8,6,12,13,5,14,7,16,0,1,9,20,21,
Line46=61,8,6,12,13,5,14,0,9,7,16,1,20,21,
Line47=70,8,6,12,13,5,14,7,16,0,1,9,20,21,
Line48=43,9,7,12,13,5,14,0,8,6,16,1,20,21,

[FreeRun]
TotalFrameBefore=128
Dir6=-1,8,6,12,13,5,14,16,1,0,9,7,20,21,
Line1=15,14,13,1,16,9,7,6,5,12,8,0,20,21,
Line2=14,14,13,1,16,9,7,6,5,12,8,0,20,21,
Line3=12,14,13,1,16,7,5,9,6,12,8,0,20,21,
Line4=15,14,13,1,16,6,5,9,7,12,8,0,20,21,
Line5=7,14,13,1,16,7,6,5,9,12,8,0,20,21,
Line6=6,14,13,1,16,6,7,5,9,12,8,0,20,21,
Line7=5,14,13,1,16,7,6,5,9,12,8,0,20,21,
Line8=4,14,13,1,16,6,5,9,7,12,8,0,20,21,
Line9=3,14,13,1,16,6,5,9,7,12,8,0,20,21,
Line10=2,14,13,1,16,6,5,9,7,12,8,0,20,21,
Line11=1,14,13,1,16,6,5,9,7,12,8,0,20,21,
Line12=0,14,13,1,16,6,5,9,7,12,8,0,20,21,
Line13=63,9,7,12,13,5,14,8,6,16,0,1,20,21,
Line14=62,9,7,12,13,5,14,8,6,16,0,1,20,21,
Line15=61,9,7,12,13,5,14,8,6,16,0,1,20,21,
Line16=60,9,7,12,13,5,14,8,6,16,0,1,20,21,
Line17=59,9,7,12,13,5,14,8,6,16,0,1,20,21,
Line18=58,9,7,12,13,5,14,8,6,16,0,1,20,21,
Line19=57,9,7,12,13,5,14,8,6,16,0,1,20,21,
Line20=56,9,7,12,13,5,14,8,6,16,0,1,20,21,
Line21=55,9,7,12,13,5,14,8,6,16,0,1,20,21,
Line22=54,9,7,12,13,5,14,8,6,16,0,1,20,21,
Line23=53,9,7,12,13,5,14,8,6,16,0,1,20,21,
Line24=52,9,7,12,13,5,14,8,6,16,0,1,20,21,
Line25=51,9,7,12,13,5,14,8,6,16,0,1,20,21,
Line26=50,9,7,12,13,5,14,8,6,16,0,1,20,21,
Line27=49,9,7,12,13,5,14,8,6,16,0,1,20,21,
Line28=48,9,7,12,13,5,14,8,6,16,0,1,20,21,
Line29=65,12,13,8,6,9,7,5,14,16,0,1,20,21,
Line30=66,12,13,8,6,9,7,5,14,16,0,1,20,21,
Line31=67,12,13,8,6,9,7,5,14,16,0,1,20,21,
Line32=68,12,13,8,6,9,7,5,14,16,0,1,20,21,
Line33=69,12,13,8,6,9,7,5,14,16,0,1,20,21,
Line34=70,12,13,8,6,5,14,0,9,7,16,1,20,21,
Line35=71,12,13,8,6,5,14,0,9,7,16,1,20,21,
Line36=72,12,13,8,6,5,14,0,9,7,16,1,20,21,
Line37=73,12,13,8,6,5,14,0,7,9,16,1,20,21,
Line38=74,12,13,8,6,5,14,0,9,7,16,1,20,21,
Line39=75,12,13,8,6,5,14,0,9,7,16,1,20,21,
Line40=76,12,13,8,6,5,14,0,9,7,16,1,20,21,
Line41=77,12,13,8,6,5,14,0,9,7,16,1,20,21,
Line42=78,12,13,8,6,5,14,0,9,7,16,1,20,21,
Line43=79,12,13,8,6,9,7,5,14,16,0,1,20,21,
Line44=64,12,13,8,6,9,7,5,14,16,0,1,20,21,
Line45=1,14,13,1,16,9,7,6,5,12,8,0,20,21,
Line46=80,8,6,12,13,5,14,7,16,0,1,9,20,21,
Line47=81,8,6,12,13,5,14,7,16,0,1,9,20,21,
Line48=82,8,6,12,13,5,14,7,16,0,1,9,20,21,
Line49=83,8,6,12,13,5,14,7,16,0,1,9,20,21,
Line50=84,8,6,12,13,5,14,7,16,0,1,9,20,21,
Line51=85,8,6,12,13,5,14,7,16,0,1,9,20,21,
Line52=86,8,6,12,13,5,14,7,16,0,1,9,20,21,
Line53=87,8,6,12,13,5,14,7,16,0,1,9,20,21,
Line54=88,8,6,12,13,5,14,7,16,0,1,9,20,21,
Line55=89,8,6,12,13,5,14,7,16,0,1,9,20,21,
Line56=90,8,6,12,13,5,14,7,16,0,1,9,20,21,
Line57=91,8,6,12,13,5,14,7,16,0,1,9,20,21,
Line58=92,8,6,12,13,5,14,7,16,0,1,9,20,21,
Line59=93,8,6,12,13,5,14,7,16,0,1,9,20,21,
Line60=94,8,6,12,13,5,14,7,16,0,1,9,20,21,
Line61=95,8,6,12,13,5,14,7,16,0,1,9,20,21,

[FreeWound]
TotalFrameBefore=64
Line1=35,12,13,8,6,5,14,0,7,9,16,1,20,21,
Line2=36,12,13,8,6,5,14,0,7,9,16,1,20,21,
Line3=37,12,13,8,6,5,14,0,7,9,16,1,20,21,
Line4=38,12,13,8,6,5,14,0,7,9,16,1,20,21,
Line5=39,12,13,8,6,5,14,0,7,9,16,1,20,21,
Line6=34,12,13,8,6,5,14,0,7,9,16,1,20,21,
Line7=33,12,13,8,6,5,14,0,7,9,16,1,20,21,
Line8=32,12,13,8,6,5,14,0,7,9,16,1,20,21,
Line9=30,9,7,12,13,5,14,16,0,1,8,6,20,21,
Line10=31,9,7,12,13,5,14,16,0,1,8,6,20,21,
Line11=29,9,7,12,13,5,14,16,0,1,8,6,20,21,
Line12=28,9,7,12,13,5,14,16,0,1,8,6,20,21,
Line13=27,9,7,12,13,5,14,16,0,1,8,6,20,21,
Line14=26,9,7,12,13,5,14,16,0,1,8,6,20,21,
Line15=25,9,7,12,13,5,14,16,0,1,8,6,20,21,
Line16=24,9,7,12,13,5,14,16,0,1,8,6,20,21,

[JumpFly]
TotalFrameBefore=112
Line1=50,9,7,12,13,5,14,16,0,1,8,6,20,21,
Line2=49,9,7,12,13,5,14,16,0,1,8,6,20,21,
Line3=48,9,7,12,13,5,14,16,0,1,8,6,20,21,
Line4=47,9,7,12,13,5,14,16,0,1,8,6,20,21,
Line5=46,9,7,12,13,5,14,16,0,1,8,6,20,21,
Line6=45,9,7,12,13,5,14,16,0,1,8,6,20,21,
Line7=44,9,7,12,13,5,14,16,0,1,8,6,20,21,
Line8=43,9,7,12,13,5,14,16,0,1,8,6,20,21,
Line9=42,9,7,12,13,5,14,16,0,1,8,6,20,21,
Line10=51,9,7,12,13,5,14,16,0,1,8,6,20,21,
Line11=52,9,7,12,13,5,14,16,0,1,8,6,20,21,
Line12=53,9,7,12,13,5,14,16,0,1,8,6,20,21,
Line13=54,9,7,12,13,5,14,16,0,1,8,6,20,21,
Line14=55,9,7,12,13,5,14,16,0,1,8,6,20,21,
Line15=62,12,13,8,6,5,14,16,0,1,7,9,20,21,
Line16=64,12,13,8,6,5,14,16,0,1,7,9,20,21,
Line17=65,12,13,8,6,5,14,16,0,1,7,9,20,21,
Line18=66,12,13,8,6,5,14,16,0,1,7,9,20,21,
Line19=67,12,13,8,6,5,14,16,0,1,7,9,20,21,
Line20=68,12,13,8,6,5,14,16,0,1,7,9,20,21,
Line21=69,12,13,8,6,5,14,16,0,1,7,9,20,21,
Line22=63,12,13,8,6,5,14,16,0,1,7,9,20,21,
Line23=61,12,13,8,6,5,14,16,0,1,7,9,20,21,
Line24=60,12,13,8,6,5,14,16,0,1,7,9,20,21,
Line25=59,12,13,8,6,5,14,16,0,1,7,9,20,21,
Line26=58,12,13,8,6,5,14,16,0,1,7,9,20,21,
Line27=57,12,13,8,6,5,14,16,0,1,7,9,20,21,
Line28=56,12,13,8,6,5,14,16,0,1,7,9,20,21,
Line29=76,8,6,12,13,5,14,16,0,1,9,7,20,21,
Line30=75,8,6,12,13,5,14,16,0,1,9,7,20,21,
Line31=74,8,6,12,13,5,14,16,0,1,9,7,20,21,
Line32=73,8,6,12,13,5,14,16,0,1,9,7,20,21,
Line33=72,8,6,12,13,5,14,16,0,1,9,7,20,21,
Line34=71,8,6,12,13,5,14,16,0,1,9,7,20,21,
Line35=70,8,6,12,13,5,14,16,0,1,9,7,20,21,
Line36=77,8,6,12,13,5,14,16,0,1,9,7,20,21,
Line37=78,8,6,12,13,5,14,16,0,1,9,7,20,21,
Line38=79,8,6,12,13,5,14,16,0,1,9,7,20,21,
Line39=80,8,6,12,13,5,14,16,0,1,9,7,20,21,
Line40=81,8,6,12,13,5,14,16,0,1,9,7,20,21,
Line41=82,8,6,12,13,5,14,16,0,1,9,7,20,21,
Line42=83,8,6,12,13,5,14,16,0,1,9,7,20,21,

[MeleeWFightStand]
TotalFrameBefore=80
Line1=39,9,7,12,13,5,14,0,8,6,16,1,20,21,
Line2=32,9,7,12,13,5,14,0,8,6,16,1,20,21,
Line3=33,9,7,12,13,5,14,0,8,6,16,1,20,21,
Line4=38,9,7,12,13,5,14,0,8,6,16,1,20,21,
Line5=37,9,7,12,13,5,14,0,8,6,16,1,20,21,
Line6=36,9,7,12,13,5,14,0,8,6,16,1,20,21,
Line7=35,9,7,12,13,5,14,0,8,6,16,1,20,21,
Line8=34,9,7,12,13,5,14,0,8,6,16,1,20,21,
Line9=31,9,7,12,13,5,14,0,8,6,16,1,20,21,
Line10=30,9,7,12,13,5,14,0,8,6,16,1,20,21,
Line11=42,12,13,8,6,5,14,0,7,9,16,1,20,21,
Line12=43,12,13,8,6,5,14,0,7,9,16,1,20,21,
Line13=44,12,13,8,6,5,14,0,7,9,16,1,20,21,
Line14=45,12,13,8,6,5,14,0,7,9,16,1,20,21,
Line15=46,12,13,8,6,5,14,0,7,9,16,1,20,21,
Line16=47,12,13,8,6,5,14,0,7,9,16,1,20,21,
Line17=48,12,13,8,6,5,14,0,7,9,16,1,20,21,
Line18=49,12,13,8,6,5,14,0,7,9,16,1,20,21,
Line19=40,12,13,8,6,5,14,0,7,9,16,1,20,21,
Line20=41,12,13,8,6,5,14,0,7,9,16,1,20,21,
Line21=56,8,6,12,13,5,14,16,0,1,9,7,20,21,
Line22=50,8,6,12,13,5,14,16,0,1,9,7,20,21,
Line23=51,8,6,12,13,5,14,16,0,1,9,7,20,21,
Line24=52,8,6,12,13,5,14,16,0,1,9,7,20,21,
Line25=53,8,6,12,13,5,14,16,0,1,9,7,20,21,
Line26=54,8,6,12,13,5,14,16,0,1,9,7,20,21,
Line27=55,8,6,12,13,5,14,16,0,1,9,7,20,21,
Line28=58,8,6,12,13,5,14,16,0,1,9,7,20,21,

[MeleeWNormalStand]
TotalFrameBefore=80
Line1=59,8,6,12,13,5,14,7,16,0,1,9,20,21,
Line2=58,8,6,12,13,5,14,7,16,0,1,9,20,21,
Line3=57,8,6,12,13,5,14,7,16,0,1,9,20,21,
Line4=56,8,6,12,13,5,14,7,16,0,1,9,20,21,
Line5=55,8,6,12,13,5,14,7,16,0,1,9,20,21,
Line6=54,8,6,12,13,5,14,7,16,0,1,9,20,21,
Line7=53,8,6,12,13,5,14,7,16,0,1,9,20,21,
Line8=52,8,6,12,13,5,14,7,16,0,1,9,20,21,
Line9=51,8,6,12,13,5,14,7,16,0,1,9,20,21,
Line10=50,8,6,12,13,5,14,7,16,0,1,9,20,21,
Line11=48,12,13,8,6,5,14,0,7,9,16,1,20,21,
Line12=49,12,13,8,6,5,14,0,7,9,16,1,20,21,
Line13=47,12,13,8,6,5,14,0,7,9,16,1,20,21,
Line14=44,12,13,8,6,5,14,0,7,9,16,1,20,21,
Line15=45,12,13,8,6,5,14,0,7,9,16,1,20,21,
Line16=46,12,13,8,6,5,14,0,7,9,16,1,20,21,
Line17=42,12,13,8,6,5,14,0,7,9,16,1,20,21,
Line18=41,12,13,8,6,5,14,0,7,9,16,1,20,21,
Line19=40,12,13,8,6,5,14,0,7,9,16,1,20,21,
Line20=43,12,13,8,6,5,14,0,7,9,16,1,20,21,
Line21=35,9,7,12,13,5,14,0,8,6,16,1,20,21,
Line22=36,9,7,12,13,5,14,0,8,6,16,1,20,21,
Line23=37,9,7,12,13,5,14,0,8,6,16,1,20,21,
Line24=38,9,7,12,13,5,14,0,8,6,16,1,20,21,
Line25=39,9,7,12,13,5,14,0,8,6,16,1,20,21,
Line26=34,9,7,12,13,5,14,0,8,6,16,1,20,21,
Line27=33,9,7,12,13,5,14,0,8,6,16,1,20,21,
Line28=32,9,7,12,13,5,14,0,8,6,16,1,20,21,
Line29=31,9,7,12,13,5,14,0,8,6,16,1,20,21,
Line30=30,9,7,12,13,5,14,0,8,6,16,1,20,21,

[MeleeWWalk]
TotalFrameBefore=96
Line1=39,9,7,12,13,5,14,0,8,6,16,1,20,21,
Line2=44,9,7,12,13,5,14,0,8,6,16,1,20,21,
Line3=43,9,7,12,13,5,14,0,8,6,16,1,20,21,
Line4=38,9,7,12,13,5,14,0,8,6,16,1,20,21,
Line5=40,9,7,12,13,5,14,0,8,6,16,1,20,21,
Line6=41,9,7,12,13,5,14,0,8,6,16,1,20,21,
Line7=42,9,7,12,13,5,14,0,8,6,16,1,20,21,
Line8=36,9,7,12,13,5,14,0,8,6,16,1,20,21,
Line9=37,9,7,12,13,5,14,0,8,6,16,1,20,21,
Line10=50,12,13,8,6,5,14,0,7,9,16,1,20,21,
Line11=51,12,13,8,6,5,14,0,7,9,16,1,20,21,
Line12=52,12,13,8,6,5,14,0,7,9,16,1,20,21,
Line13=53,12,13,8,6,5,14,0,7,9,16,1,20,21,
Line14=54,12,13,8,6,5,14,0,7,9,16,1,20,21,
Line15=55,12,13,8,6,5,14,0,7,9,16,1,20,21,
Line16=56,12,13,8,6,5,14,0,7,9,16,1,20,21,
Line17=57,12,13,8,6,5,14,0,7,9,16,1,20,21,
Line18=58,12,13,8,6,5,14,0,7,9,16,1,20,21,
Line19=59,12,13,8,6,5,14,0,7,9,16,1,20,21,
Line20=49,12,13,8,6,5,14,0,7,9,16,1,20,21,
Line21=48,12,13,8,6,5,14,0,7,9,16,1,20,21,
Line22=71,8,6,12,13,5,14,7,16,0,1,9,20,21,
Line23=70,8,6,12,13,5,14,7,16,0,1,9,20,21,
Line24=69,8,6,12,13,5,14,7,16,0,1,9,20,21,
Line25=68,8,6,12,13,5,14,7,16,0,1,9,20,21,
Line26=67,8,6,12,13,5,14,7,16,0,1,9,20,21,
Line27=66,8,6,12,13,5,14,7,16,0,1,9,20,21,
Line28=65,8,6,12,13,5,14,7,16,0,1,9,20,21,
Line29=64,8,6,12,13,5,14,7,16,0,1,9,20,21,
Line30=63,8,6,12,13,5,14,7,16,0,1,9,20,21,
Line31=62,8,6,12,13,5,14,7,16,0,1,9,20,21,
Line32=61,8,6,12,13,5,14,7,16,0,1,9,20,21,
Line33=60,8,6,12,13,5,14,7,16,0,1,9,20,21,
Line34=11,14,13,1,16,9,7,6,5,12,8,0,20,21,
Line35=8,14,13,1,16,9,7,6,5,12,8,0,20,21,
Line36=11,14,13,1,16,9,7,6,5,12,8,0,20,21,
Line37=10,14,13,1,16,9,7,6,5,12,8,0,20,21,
Line38=7,14,13,1,16,9,7,6,5,12,8,0,20,21,
Line39=6,14,13,1,16,9,7,6,5,12,8,0,20,21,
Line40=5,14,13,1,16,9,7,6,5,12,8,0,20,21,
Line41=3,14,13,1,16,9,7,6,5,12,8,0,20,21,
Line42=2,14,13,1,16,9,7,6,5,12,8,0,20,21,
Line43=1,14,13,1,16,9,7,6,5,12,8,0,20,21,
Line44=9,14,13,1,16,9,7,6,5,12,8,0,20,21,
Line45=45,9,7,12,13,5,14,0,8,6,16,1,20,21,
Line46=46,9,7,12,13,5,14,0,8,6,16,1,20,21,
Line47=47,9,7,12,13,5,14,0,8,6,16,1,20,21,

[MeleeWRun]
TotalFrameBefore=128
Dir6=-1,8,6,12,13,5,14,16,1,0,9,7,20,21,
Line1=83,8,6,12,13,5,14,16,0,1,9,7,20,21,
Line2=84,8,6,12,13,5,14,16,0,1,9,7,20,21,
Line3=85,8,6,12,13,5,14,16,0,1,9,7,20,21,
Line4=86,8,6,12,13,5,14,16,0,1,9,7,20,21,
Line5=87,8,6,12,13,5,14,16,0,1,9,7,20,21,
Line6=88,8,6,12,13,5,14,16,0,1,9,7,20,21,
Line7=89,8,6,12,13,5,14,16,0,1,9,7,20,21,
Line8=90,8,6,12,13,5,14,16,0,1,9,7,20,21,
Line9=91,8,6,12,13,5,14,16,0,1,9,7,20,21,
Line10=92,8,6,12,13,5,14,16,0,1,9,7,20,21,
Line11=93,8,6,12,13,5,14,16,0,1,9,7,20,21,
Line12=94,8,6,12,13,5,14,16,0,1,9,7,20,21,
Line13=95,8,6,12,13,5,14,16,0,1,9,7,20,21,
Line14=79,12,13,8,6,5,14,0,7,16,1,9,20,21,
Line15=78,12,13,8,6,5,14,0,7,16,1,9,20,21,
Line16=77,12,13,8,6,5,14,0,7,16,1,9,20,21,
Line17=76,12,13,8,6,5,14,0,7,16,1,9,20,21,
Line18=75,12,13,8,6,5,14,0,7,16,1,9,20,21,
Line19=74,12,13,8,6,5,14,0,7,16,1,9,20,21,
Line20=73,12,13,8,6,5,14,0,7,16,1,9,20,21,
Line21=72,12,13,8,6,5,14,0,7,16,1,9,20,21,
Line22=71,12,13,8,6,5,14,0,7,16,1,9,20,21,
Line23=70,12,13,8,6,5,14,0,7,16,1,9,20,21,
Line24=69,12,13,8,6,5,14,0,7,16,1,9,20,21,
Line25=68,12,13,8,6,5,14,0,7,16,1,9,20,21,
Line26=67,12,13,8,6,5,14,0,7,16,9,1,20,21,
Line27=66,12,13,8,6,5,14,0,7,16,1,9,20,21,
Line28=65,12,13,8,6,5,14,0,7,16,1,9,20,21,
Line29=64,12,13,8,6,5,14,0,7,16,1,9,20,21,
Line30=50,9,7,12,13,5,14,6,16,0,1,8,20,21,
Line31=51,9,7,12,13,5,14,6,16,0,1,8,20,21,
Line32=52,9,7,12,13,5,14,6,16,0,1,8,20,21,
Line33=53,9,7,12,13,5,14,6,16,0,1,8,20,21,
Line34=54,9,7,12,13,5,14,6,16,0,1,8,20,21,
Line35=55,9,7,12,13,5,14,6,16,0,1,8,20,21,
Line36=56,9,7,12,13,5,14,6,16,0,1,8,20,21,
Line37=57,9,7,12,13,5,14,6,16,0,1,8,20,21,
Line38=58,9,7,12,13,5,14,6,16,0,1,8,20,21,
Line39=59,9,7,12,13,5,14,6,16,0,1,8,20,21,
Line40=60,9,7,12,13,5,14,6,16,0,1,8,20,21,
Line41=61,9,7,12,13,5,14,6,16,0,1,8,20,21,
Line42=62,9,7,12,13,5,14,6,16,0,1,8,20,21,
Line43=63,9,7,12,13,5,14,6,16,0,1,8,20,21,
Line44=48,9,7,12,13,5,14,6,16,0,1,8,20,21,
Line45=1,14,13,1,16,9,7,6,5,12,8,0,20,21,
Line46=2,14,13,1,16,9,7,6,5,12,8,0,20,21,
Line47=3,14,13,1,16,9,7,6,5,12,8,0,20,21,
Line48=4,14,13,1,16,9,7,6,5,12,8,0,20,21,
Line49=0,14,13,1,16,9,7,6,5,12,8,0,20,21,
Line50=15,14,13,1,16,9,7,6,5,12,8,0,20,21,
Line51=14,14,13,1,16,9,7,6,5,12,8,0,20,21,
Line52=13,14,13,1,16,9,7,6,5,12,8,0,20,21,
Line53=12,14,13,1,16,9,7,6,5,12,8,0,20,21,
Line54=6,14,13,1,16,9,7,6,5,12,8,0,20,21,
Line55=5,14,13,1,16,9,7,6,5,12,8,0,20,21,
Line56=49,9,7,12,13,5,14,6,16,1,0,8,20,21,

[FreeSpecialStand]
TotalFrameBefore=80
Dir2=-1,14,13,16,20,21,9,7,5,0,1,12,8,6,
Line1=46,12,13,8,6,5,14,0,7,9,16,1,20,21,
Line2=47,12,13,8,6,5,14,0,7,9,16,1,20,21,
Line3=48,12,13,8,6,5,14,0,7,9,16,1,20,21,
Line4=49,12,13,8,6,5,14,0,7,9,16,1,20,21,
Line5=45,12,13,8,6,5,14,0,7,9,16,1,20,21,
Line6=44,12,13,8,6,5,14,0,7,9,16,1,20,21,
Line7=43,12,13,8,6,5,14,0,7,9,16,1,20,21,
Line8=42,12,13,8,6,5,14,0,7,9,16,1,20,21,
Line9=41,12,13,8,6,5,14,0,7,9,16,1,20,21,
Line10=40,12,13,8,6,5,14,0,7,9,16,1,20,21,
Line11=59,8,6,12,13,5,14,16,0,1,9,7,20,21,
Line12=58,8,6,12,13,5,14,16,0,1,9,7,20,21,
Line13=57,8,6,12,13,5,14,16,0,1,9,7,20,21,
Line14=56,8,6,12,13,5,14,16,0,1,9,7,20,21,
Line15=55,8,6,12,13,5,14,16,0,1,9,7,20,21,
Line16=54,8,6,12,13,5,14,16,0,1,9,7,20,21,
Line17=53,8,6,12,13,5,14,16,0,1,9,7,20,21,
Line18=52,8,6,12,13,5,14,16,0,1,9,7,20,21,
Line19=51,8,6,12,13,5,14,16,0,1,9,7,20,21,
Line20=50,8,6,12,13,5,14,16,0,1,9,7,20,21,
Line21=30,9,7,12,13,5,14,0,8,6,16,1,20,21,
Line22=31,9,7,12,13,5,14,0,8,6,16,1,20,21,
Line23=32,9,7,12,13,5,14,0,8,6,16,1,20,21,
Line24=33,9,7,12,13,5,14,0,8,6,16,1,20,21,
Line25=34,9,7,12,13,5,14,0,8,6,16,1,20,21,
Line26=35,9,7,12,13,5,14,0,8,6,16,1,20,21,
Line27=36,9,7,12,13,5,14,0,8,6,16,1,20,21,
Line28=37,9,7,12,13,5,14,0,8,6,16,1,20,21,
Line29=38,9,7,12,13,5,14,0,8,6,16,1,20,21,
Line30=39,9,7,12,13,5,14,0,8,6,16,1,20,21,

[DartThrow]
TotalFrameBefore=64
Line1=58,14,13,16,1,5,12,0,9,7,8,6,20,21,
Line2=57,14,13,16,1,5,12,0,9,7,8,6,20,21,
Line3=49,8,6,12,13,14,16,1,5,0,9,7,20,21,
Line4=48,8,6,12,13,14,16,5,1,0,9,7,20,21,
Line5=50,8,6,12,13,14,16,1,5,0,9,7,20,21,
Line6=25,9,7,12,13,8,6,5,14,16,1,0,20,21,
Line7=26,9,7,12,13,8,6,5,14,16,1,0,20,21,

